number	Log10_NWA	Log10_NWA.density	Log10_NEA	Log10_NEA.density	Log10_NAg	Log10_NAg.density	Log10_NJ	Log10_NJ.density	Log10_NM	Log10_NM.density	m	m.density	TEM	TEM.density	TA	TA.density	TMJ	TMJ.density	TAEW	TAEW.density	Tm	Tm.density
1	3	0.150884	4	0.159277	2	0.185842	3	0.0127286	3	0.0085644	8.85298e-07	0.666743	400	0.00221372	20	0.0395686	21	0.00117708	2	0.0165689	3	0.00180546
2	3.03737	0.163865	4.02727	0.170944	2.04706	0.207092	3.0303	0.014008	3.0303	0.00963298	0.0101019	0.720343	408.081	0.00234815	20.1616	0.0421896	32.899	0.00126621	2.32323	0.0179921	3.32323	0.00203104
3	3.07475	0.176863	4.05455	0.182312	2.09411	0.229528	3.06061	0.0153326	3.06061	0.0107769	0.0202029	0.772968	416.162	0.00247346	20.3232	0.0447214	44.798	0.00135265	2.64646	0.0194264	3.64646	0.00228129
4	3.11212	0.189759	4.08182	0.193289	2.14117	0.253053	3.09091	0.0166993	3.09091	0.0119966	0.0303039	0.823958	424.242	0.00258787	20.4848	0.0471405	56.697	0.00143528	2.9697	0.0208609	3.9697	0.00255861
5	3.14949	0.20244	4.10909	0.2038	2.18823	0.277543	3.12121	0.0181066	3.12121	0.0132931	0.0404049	0.872679	432.323	0.00268986	20.6465	0.0494264	68.596	0.00151313	3.29293	0.0222848	4.29293	0.00286551
6	3.18687	0.2148	4.13636	0.213795	2.23528	0.302848	3.15152	0.0195552	3.15152	0.0146683	0.0505059	0.918544	440.404	0.00277814	20.8081	0.0515614	80.4949	0.00158533	3.61616	0.0236881	4.61616	0.00320459
7	3.22424	0.226742	4.16364	0.223251	2.28234	0.328789	3.18182	0.0210477	3.18182	0.0161249	0.0606069	0.961029	448.485	0.00285178	20.9697	0.0535317	92.3939	0.00165117	3.93939	0.0250613	4.93939	0.00357846
8	3.26162	0.23818	4.19091	0.232165	2.32939	0.355158	3.21212	0.0225894	3.21212	0.0176667	0.0707079	0.999687	456.566	0.00291015	21.1313	0.0553267	104.293	0.0017101	4.26263	0.0263961	5.26263	0.00398979
9	3.29899	0.249042	4.21818	0.240563	2.37645	0.381721	3.24242	0.0241884	3.24242	0.0192988	0.0808089	1.03416	464.646	0.00295298	21.2929	0.0569395	116.192	0.00176177	4.58586	0.0276852	5.58586	0.00444118
10	3.33636	0.259269	4.24545	0.248487	2.42351	0.408216	3.27273	0.0258551	3.27273	0.0210277	0.0909099	1.0642	472.727	0.00298031	21.4545	0.0583662	128.091	0.00180602	4.90909	0.0289224	5.90909	0.00493523
11	3.37374	0.268816	4.27273	0.255997	2.47056	0.434361	3.30303	0.0276027	3.30303	0.0228614	0.101011	1.08965	480.808	0.0029925	21.6162	0.0596063	139.99	0.00184284	5.23232	0.030103	6.23232	0.00547446
12	3.41111	0.277651	4.3	0.263166	2.51762	0.459852	3.33333	0.0294465	3.33333	0.0248087	0.111112	1.11046	488.889	0.0029902	21.7778	0.060662	151.889	0.00187241	5.55556	0.0312235	6.55556	0.00606128
13	3.44848	0.285756	4.32727	0.27007	2.56468	0.484374	3.36364	0.0314039	3.36364	0.0268798	0.121213	1.12669	496.97	0.00297428	21.9394	0.0615381	163.788	0.00189506	5.87879	0.0322819	6.87879	0.00669799
14	3.48586	0.293122	4.35455	0.276787	2.61173	0.507604	3.39394	0.0334936	3.39394	0.0290855	0.131314	1.13847	505.051	0.00294582	22.101	0.0622417	175.687	0.00191122	6.20202	0.0332775	7.20202	0.00738676
15	3.52323	0.299752	4.38182	0.283389	2.65879	0.529222	3.42424	0.0357356	3.42424	0.0314374	0.141415	1.14606	513.131	0.00290607	22.2626	0.0627821	187.586	0.00192144	6.52525	0.0342111	7.52525	0.00812956
16	3.5606	0.305655	4.40909	0.289936	2.70585	0.548916	3.45455	0.0381503	3.45455	0.0339466	0.151516	1.14976	521.212	0.00285634	22.4242	0.0631702	199.485	0.0019263	6.84848	0.0350844	7.84848	0.00892818
17	3.59798	0.310849	4.43636	0.296473	2.7529	0.566391	3.48485	0.0407582	3.48485	0.0366244	0.161617	1.14994	529.293	0.00279803	22.5859	0.0634189	211.384	0.00192644	7.17172	0.0359006	8.17172	0.00978418
18	3.63535	0.315355	4.46364	0.303027	2.79996	0.581383	3.51515	0.0435793	3.51515	0.0394809	0.171718	1.14704	537.374	0.00273256	22.7475	0.0635424	223.283	0.00192248	7.49495	0.0366633	8.49495	0.0106988
19	3.67273	0.319198	4.49091	0.309605	2.84701	0.593659	3.54545	0.0466325	3.54545	0.0425254	0.181819	1.14152	545.455	0.00266129	22.9091	0.0635563	235.182	0.00191503	7.81818	0.0373774	8.81818	0.0116731
20	3.7101	0.322405	4.51818	0.316193	2.89407	0.603033	3.57576	0.0499358	3.57576	0.0457655	0.19192	1.13385	553.535	0.00258554	23.0707	0.0634774	247.081	0.00190462	8.14141	0.0380477	9.14141	0.0127077
21	3.74747	0.325001	4.54545	0.322758	2.94113	0.609365	3.60606	0.0535053	3.60606	0.0492072	0.202021	1.12453	561.616	0.00250656	23.2323	0.0633233	258.98	0.00189175	8.46465	0.0386795	9.46465	0.0138028
22	3.78485	0.327013	4.57273	0.32925	2.98818	0.612571	3.63636	0.0573557	3.63636	0.0528547	0.212122	1.11405	569.697	0.00242546	23.3939	0.0631124	270.879	0.0018768	8.78788	0.0392779	9.78788	0.0149584
23	3.82222	0.328466	4.6	0.335604	3.03524	0.612622	3.66667	0.0615	3.66667	0.0567105	0.222223	1.10288	577.778	0.00234328	23.5556	0.0628634	282.778	0.00186006	9.11111	0.0398476	10.1111	0.016174
24	3.85959	0.329382	4.62727	0.341747	3.0823	0.609547	3.69697	0.0659496	3.69697	0.0607756	0.232324	1.09146	585.859	0.00226088	23.7172	0.0625951	294.677	0.00184172	9.43434	0.0403924	10.4343	0.0174486
25	3.89697	0.329782	4.65455	0.347602	3.12935	0.603433	3.72727	0.0707146	3.72727	0.0650497	0.242425	1.08019	593.939	0.00217903	23.8788	0.0623258	306.576	0.00182189	9.75758	0.0409157	10.7576	0.0187809
26	3.93434	0.329687	4.68182	0.35309	3.17641	0.594419	3.75758	0.075804	3.75758	0.069532	0.252526	1.06944	602.02	0.00209837	24.0404	0.0620728	318.475	0.00180056	10.0808	0.0414194	11.0808	0.0201693
27	3.97171	0.329119	4.70909	0.358141	3.22347	0.582689	3.78788	0.0812261	3.78788	0.0742218	0.262627	1.05952	610.101	0.00201942	24.202	0.0618525	330.374	0.00177766	10.404	0.0419045	11.404	0.0216116
28	4.00909	0.328098	4.73636	0.362691	3.27052	0.568474	3.81818	0.0869888	3.81818	0.079119	0.272728	1.05069	618.182	0.00194259	24.3636	0.0616792	342.273	0.00175302	10.7273	0.0423707	11.7273	0.0231055
29	4.04646	0.32665	4.76364	0.366693	3.31758	0.552034	3.84848	0.0930997	3.84848	0.0842254	0.282829	1.04314	626.263	0.00186818	24.5253	0.0615654	354.172	0.00172647	11.0505	0.0428167	12.0505	0.0246481
30	4.08384	0.324803	4.79091	0.370115	3.36463	0.533656	3.87879	0.0995664	3.87879	0.0895451	0.29293	1.03702	634.343	0.00179643	24.6869	0.061521	366.071	0.00169776	11.3737	0.0432402	12.3737	0.0262365
31	4.12121	0.322592	4.81818	0.372943	3.41169	0.513644	3.90909	0.106397	3.90909	0.0950854	0.303031	1.03241	642.424	0.00172747	24.8485	0.0615537	377.97	0.00166667	11.697	0.0436383	12.697	0.0278671
32	4.15858	0.320058	4.84545	0.375183	3.45875	0.492308	3.93939	0.113599	3.93939	0.100858	0.313132	1.02934	650.505	0.0016614	25.0101	0.061668	389.869	0.00163298	12.0202	0.0440074	13.0202	0.029536
33	4.19596	0.317249	4.87273	0.376858	3.5058	0.469956	3.9697	0.121179	3.9697	0.106877	0.323233	1.02777	658.586	0.00159825	25.1717	0.0618661	401.768	0.00159648	12.3434	0.0443442	13.3434	0.0312389
34	4.23333	0.314222	4.9	0.378009	3.55286	0.446887	4	0.129145	4	0.113165	0.333334	1.02765	666.667	0.00153799	25.3333	0.0621475	413.667	0.00155705	12.6667	0.044645	13.6667	0.0329708
35	4.2707	0.311041	4.92727	0.378691	3.59992	0.423386	4.0303	0.137503	4.0303	0.119746	0.343435	1.02886	674.747	0.00148059	25.4949	0.0625093	425.566	0.0015146	12.9899	0.0449069	13.9899	0.034726
36	4.30808	0.307776	4.95455	0.378969	3.64697	0.399713	4.06061	0.146255	4.06061	0.12665	0.353536	1.03125	682.828	0.00142596	25.6566	0.0629466	437.465	0.00146913	13.3131	0.0451277	14.3131	0.036498
37	4.34545	0.304504	4.98182	0.378917	3.69403	0.376106	4.09091	0.155403	4.09091	0.13391	0.363637	1.03466	690.909	0.001374	25.8182	0.0634526	449.364	0.00142073	13.6364	0.0453056	14.6364	0.0382792
38	4.38282	0.301303	5.00909	0.378615	3.74109	0.352772	4.12121	0.164946	4.12121	0.141562	0.373738	1.0389	698.99	0.00132462	25.9798	0.0640191	461.263	0.00136955	13.9596	0.0454402	14.9596	0.0400609
39	4.4202	0.29825	5.03636	0.378142	3.78814	0.329889	4.15152	0.174877	4.15152	0.149646	0.383839	1.04377	707.071	0.0012777	26.1414	0.0646368	473.162	0.00131585	14.2828	0.0455314	15.2828	0.0418332
40	4.45757	0.295422	5.06364	0.377576	3.8352	0.307606	4.18182	0.185187	4.18182	0.1582	0.39394	1.04907	715.152	0.00123313	26.303	0.0652956	485.061	0.00125994	14.6061	0.0455803	15.6061	0.0435847
41	4.49495	0.292886	5.09091	0.376989	3.88225	0.286042	4.21212	0.195861	4.21212	0.167262	0.404041	1.05463	723.232	0.0011908	26.4646	0.0659849	496.96	0.00120221	14.9293	0.0455883	15.9293	0.0453028
42	4.53232	0.290703	5.11818	0.376447	3.92931	0.26529	4.24242	0.20688	4.24242	0.176869	0.414142	1.06025	731.313	0.0011506	26.6263	0.0666939	508.859	0.00114311	15.2525	0.0455572	16.2525	0.0469736
43	4.56969	0.28892	5.14545	0.37601	3.97637	0.245419	4.27273	0.218222	4.27273	0.187052	0.424243	1.06579	739.394	0.00111247	26.7879	0.0674117	520.758	0.00108311	15.5758	0.0454889	16.5758	0.0485823
44	4.60707	0.287571	5.17273	0.375726	4.02342	0.226475	4.30303	0.229858	4.30303	0.197836	0.434344	1.07112	747.475	0.00107631	26.9495	0.0681272	532.657	0.00102273	15.899	0.0453849	16.899	0.050113
45	4.64444	0.286674	5.2	0.375637	4.07048	0.208488	4.33333	0.241761	4.33333	0.209241	0.444445	1.07612	755.556	0.00104206	27.1111	0.0688296	544.556	0.000962466	16.2222	0.0452464	17.2222	0.0515496
46	4.68181	0.286228	5.22727	0.375775	4.11754	0.19147	4.36364	0.253896	4.36364	0.221276	0.454546	1.08072	763.636	0.00100969	27.2727	0.0695081	556.455	0.000902827	16.5455	0.045074	17.5455	0.0528759
47	4.71919	0.286219	5.25455	0.376164	4.16459	0.175424	4.39394	0.266232	4.39394	0.23394	0.464647	1.08487	771.717	0.000979148	27.4343	0.0701522	568.354	0.000844293	16.8687	0.0448675	17.8687	0.0540763
48	4.75656	0.286616	5.28182	0.376822	4.21165	0.16034	4.42424	0.278735	4.42424	0.247223	0.474748	1.08854	779.798	0.000950398	27.596	0.0707515	580.253	0.000787304	17.1919	0.0446259	18.1919	0.0551363
49	4.79393	0.287373	5.30909	0.377761	4.25871	0.146203	4.45455	0.291373	4.45455	0.261102	0.484849	1.09173	787.879	0.000923407	27.7576	0.0712961	592.152	0.000732257	17.5152	0.0443475	18.5152	0.0560428
50	4.83131	0.288434	5.33636	0.378986	4.30576	0.132991	4.48485	0.304117	4.48485	0.275539	0.49495	1.09445	795.96	0.000898134	27.9192	0.0717763	604.051	0.000679488	17.8384	0.0440303	18.8384	0.0567852
51	4.86868	0.289734	5.36364	0.380501	4.35282	0.120677	4.51515	0.316939	4.51515	0.290488	0.505051	1.09673	804.04	0.000874528	28.0808	0.0721833	615.949	0.000629275	18.1616	0.0436717	19.1616	0.0573556
52	4.90606	0.291202	5.39091	0.382304	4.39987	0.109233	4.54545	0.329818	4.54545	0.305888	0.515152	1.0986	812.121	0.000852523	28.2424	0.072509	627.848	0.000581827	18.4848	0.0432693	19.4848	0.057749
53	4.94343	0.292766	5.41818	0.384392	4.44693	0.0986257	4.57576	0.342734	4.57576	0.321665	0.525253	1.10011	820.202	0.000832029	28.404	0.0727461	639.747	0.000537289	18.8081	0.0428209	19.8081	0.057964
54	4.9808	0.294354	5.44545	0.386756	4.49399	0.0888219	4.60606	0.355673	4.60606	0.337735	0.535354	1.10129	828.283	0.000812935	28.5657	0.0728891	651.646	0.000495741	19.1313	0.0423249	20.1313	0.0580026
55	5.01818	0.295898	5.47273	0.389388	4.54104	0.0797861	4.63636	0.368625	4.63636	0.354006	0.545455	1.10217	836.364	0.000795105	28.7273	0.0729336	663.545	0.000457201	19.4545	0.0417804	20.4545	0.0578702
56	5.05555	0.297336	5.5	0.392276	4.5881	0.0714816	4.66667	0.381584	4.66667	0.370376	0.555556	1.10276	844.444	0.000778379	28.8889	0.0728774	675.444	0.000421631	19.7778	0.0411876	20.7778	0.0575758
57	5.09292	0.298612	5.52727	0.395404	4.63516	0.0638711	4.69697	0.394545	4.69697	0.386738	0.565657	1.10307	852.525	0.000762575	29.0505	0.0727199	687.343	0.000388946	20.101	0.0405476	21.101	0.057131
58	5.1303	0.299681	5.55455	0.398757	4.68221	0.0569164	4.72727	0.407507	4.72727	0.402983	0.575758	1.10308	860.606	0.000747495	29.2121	0.0724631	699.242	0.000359017	20.4242	0.0398628	21.4242	0.0565502
59	5.16767	0.300503	5.58182	0.402315	4.72927	0.0505793	4.75758	0.420469	4.75758	0.419005	0.585859	1.10278	868.687	0.000732928	29.3737	0.0721109	711.141	0.000331685	20.7475	0.0391364	21.7475	0.0558495
60	5.20504	0.301051	5.60909	0.406059	4.77633	0.0448215	4.78788	0.433429	4.78788	0.4347	0.59596	1.10212	876.768	0.000718664	29.5354	0.0716694	723.04	0.000306766	21.0707	0.0383724	22.0707	0.0550464
61	5.24242	0.301301	5.63636	0.409967	4.82338	0.039605	4.81818	0.446386	4.81818	0.449974	0.606061	1.10105	884.848	0.000704496	29.697	0.0711467	734.939	0.000284059	21.3939	0.0375754	22.3939	0.0541586
62	5.27979	0.301238	5.66364	0.414017	4.87044	0.0348925	4.84848	0.459335	4.84848	0.464749	0.616162	1.09951	892.929	0.000690229	29.8586	0.0705527	746.838	0.000263357	21.7172	0.0367504	22.7172	0.0532039
63	5.31717	0.300854	5.69091	0.418186	4.91749	0.0306475	4.87879	0.472269	4.87879	0.47896	0.626263	1.09742	901.01	0.000675692	30.0202	0.069899	758.737	0.000244451	22.0404	0.0359022	23.0404	0.0521993
64	5.35454	0.300141	5.71818	0.422452	4.96455	0.0268348	4.90909	0.485176	4.90909	0.492566	0.636364	1.09472	909.091	0.000660742	30.1818	0.0691979	770.636	0.00022714	22.3636	0.0350353	23.3636	0.05116
65	5.39191	0.299098	5.74545	0.426792	5.01161	0.0234206	4.93939	0.498042	4.93939	0.505548	0.646465	1.09134	917.172	0.00064527	30.3434	0.0684628	782.535	0.000211234	22.6869	0.0341539	23.6869	0.0500999
66	5.42929	0.297726	5.77273	0.431185	5.05866	0.0203725	4.9697	0.510851	4.9697	0.517913	0.656566	1.08723	925.253	0.000629204	30.5051	0.0677072	794.434	0.000196558	23.0101	0.0332611	24.0101	0.0490301
67	5.46666	0.296028	5.8	0.435607	5.10572	0.0176599	5	0.523581	5	0.529694	0.666667	1.08234	933.333	0.000612512	30.6667	0.0669444	806.333	0.000182954	23.3333	0.0323596	24.3333	0.0479596
68	5.50403	0.294009	5.82727	0.440036	5.15278	0.0152537	5.0303	0.536211	5.0303	0.540949	0.676768	1.07664	941.414	0.0005952	30.8283	0.0661874	818.232	0.000170287	23.6566	0.031451	24.6566	0.046895
69	5.54141	0.291678	5.85455	0.444446	5.19983	0.0131267	5.06061	0.548718	5.06061	0.551756	0.686869	1.07012	949.495	0.000577312	30.9899	0.065448	830.131	0.000158441	23.9798	0.030536	24.9798	0.0458403
70	5.57878	0.289046	5.88182	0.448809	5.24689	0.0112533	5.09091	0.561077	5.09091	0.562215	0.69697	1.06279	957.576	0.000558922	31.1515	0.0647371	842.03	0.00014732	24.303	0.029615	25.303	0.0447974
71	5.61615	0.28613	5.90909	0.453093	5.29395	0.00960945	5.12121	0.573267	5.12121	0.572436	0.707071	1.05469	965.657	0.000540131	31.3131	0.0640642	853.929	0.000136846	24.6263	0.0286877	25.6263	0.0437663
72	5.65353	0.282948	5.93636	0.45726	5.341	0.00817282	5.15152	0.585264	5.15152	0.582538	0.717172	1.04586	973.737	0.000521057	31.4747	0.0634373	865.828	0.00012696	24.9495	0.0277536	25.9495	0.0427454
73	5.6909	0.279525	5.96364	0.461265	5.38806	0.00692255	5.18182	0.597044	5.18182	0.592634	0.727273	1.03638	981.818	0.000501834	31.6364	0.0628629	877.727	0.000117617	25.2727	0.0268121	26.2727	0.041732
74	5.72828	0.275889	5.99091	0.465056	5.43511	0.00583924	5.21212	0.608583	5.21212	0.602832	0.737374	1.02633	989.899	0.000482594	31.798	0.0623456	889.626	0.000108782	25.596	0.0258631	26.596	0.0407226
75	5.76565	0.272073	6.01818	0.468571	5.48217	0.00490492	5.24242	0.619853	5.24242	0.61322	0.747475	1.01581	997.98	0.000463468	31.9596	0.0618888	901.525	0.000100433	25.9192	0.0249068	26.9192	0.0397133
76	5.80302	0.268111	6.04545	0.471741	5.52923	0.00410292	5.27273	0.630821	5.27273	0.623857	0.757576	1.00492	1006.06	0.000444578	32.1212	0.061494	913.424	9.2553e-05	26.2424	0.0239437	27.2424	0.0387003
77	5.8404	0.264038	6.07273	0.474485	5.57628	0.00341788	5.30303	0.641442	5.30303	0.634772	0.767677	0.993739	1014.14	0.000426028	32.2828	0.0611611	925.323	8.51291e-05	26.5657	0.0229754	27.5657	0.03768
78	5.87777	0.259889	6.1	0.476715	5.62334	0.0028357	5.33333	0.651662	5.33333	0.645952	0.777778	0.982363	1022.22	0.000407903	32.4444	0.0608886	937.222	7.81521e-05	26.8889	0.0220038	27.8889	0.0366492
79	5.91514	0.255695	6.12727	0.478335	5.6704	0.00234345	5.36364	0.661409	5.36364	0.657341	0.787879	0.97085	1030.3	0.000390266	32.6061	0.0606732	949.121	7.16132e-05	27.2121	0.0210317	28.2121	0.0356055
80	5.95252	0.251479	6.15455	0.479246	5.71745	0.00192938	5.39394	0.670591	5.39394	0.668834	0.79798	0.959234	1038.38	0.000373156	32.7677	0.06051	961.02	6.55034e-05	27.5354	0.0200624	28.5354	0.0345472
81	5.98989	0.24726	6.18182	0.479341	5.76451	0.00158286	5.42424	0.679093	5.42424	0.68028	0.808081	0.947513	1046.46	0.000356589	32.9293	0.0603921	972.919	5.98126e-05	27.8586	0.0190995	28.8586	0.0334731
82	6.02726	0.243042	6.20909	0.478514	5.81157	0.00129434	5.45455	0.686775	5.45455	0.691481	0.818182	0.93565	1054.55	0.000340557	33.0909	0.0603111	984.818	5.45288e-05	28.1818	0.018147	29.1818	0.032383
83	6.06464	0.238821	6.23636	0.476662	5.85862	0.00105527	5.48485	0.693473	5.48485	0.702195	0.828283	0.923562	1062.63	0.000325037	33.2525	0.0602562	996.717	4.96376e-05	28.5051	0.0172087	29.5051	0.0312772
84	6.10201	0.234577	6.26364	0.473686	5.90568	0.000858114	5.51515	0.698997	5.51515	0.712144	0.838384	0.911126	1070.71	0.000309988	33.4141	0.0602148	1008.62	4.51231e-05	28.8283	0.0162885	29.8283	0.0301566
85	6.13939	0.230281	6.29091	0.469494	5.95273	0.000696219	5.54545	0.703137	5.54545	0.721019	0.848485	0.898177	1078.79	0.000295359	33.5758	0.0601723	1020.52	4.09671e-05	29.1515	0.0153899	30.1515	0.0290222
86	6.17676	0.225889	6.31818	0.464008	5.99979	0.000563806	5.57576	0.705669	5.57576	0.728492	0.858586	0.884515	1086.87	0.000281092	33.7374	0.060112	1032.41	3.71499e-05	29.4747	0.014516	30.4747	0.0278756
87	6.21413	0.22135	6.34545	0.457163	6.04685	0.000455882	5.60606	0.706357	5.60606	0.734225	0.868687	0.869915	1094.95	0.000267126	33.899	0.0600152	1044.31	3.36509e-05	29.798	0.0136691	30.798	0.0267186
88	6.25151	0.216605	6.37273	0.448913	6.0939	0.000368173	5.63636	0.704968	5.63636	0.737882	0.878788	0.854133	1103.03	0.000253405	34.0606	0.0598617	1056.21	3.04486e-05	30.1212	0.0128513	31.1212	0.0255528
89	6.28888	0.21159	6.4	0.439234	6.14096	0.00029706	5.66667	0.701279	5.66667	0.739141	0.888889	0.836925	1111.11	0.000239878	34.2222	0.0596303	1068.11	2.75213e-05	30.4444	0.0120637	31.4444	0.0243802
90	6.32625	0.206244	6.42727	0.428121	6.18802	0.000239498	5.69697	0.695087	5.69697	0.737706	0.89899	0.818054	1119.19	0.000226503	34.3838	0.0592989	1080.01	2.48475e-05	30.7677	0.0113069	31.7677	0.0232028
91	6.36363	0.200509	6.45455	0.415598	6.23507	0.000192956	5.72727	0.686224	5.72727	0.733324	0.909091	0.79731	1127.27	0.000213254	34.5455	0.0588452	1091.91	2.24065e-05	31.0909	0.0105809	32.0909	0.0220226
92	6.401	0.194335	6.48182	0.401712	6.28213	0.000155341	5.75758	0.674563	5.75758	0.725787	0.919192	0.774522	1135.35	0.000200115	34.7071	0.0582481	1103.81	2.01783e-05	31.4141	0.00988538	32.4141	0.0208419
93	6.43837	0.187685	6.50909	0.386538	6.32919	0.000124943	5.78788	0.660031	5.78788	0.714952	0.929293	0.749572	1143.43	0.000187087	34.8687	0.0574876	1115.71	1.81441e-05	31.7374	0.00921945	32.7374	0.019663
94	6.47575	0.180537	6.53636	0.370174	6.37624	0.00010037	5.81818	0.642617	5.81818	0.700743	0.939394	0.722403	1151.52	0.000174187	35.0303	0.0565464	1127.61	1.62866e-05	32.0606	0.00858207	33.0606	0.0184888
95	6.51312	0.172889	6.56364	0.352745	6.4233	8.04961e-05	5.84848	0.622374	5.84848	0.68316	0.949495	0.693029	1159.6	0.000161445	35.1919	0.0554104	1139.51	1.459e-05	32.3838	0.00797204	33.3838	0.0173221
96	6.5505	0.164755	6.59091	0.334397	6.47035	6.44171e-05	5.87879	0.599425	5.87879	0.662279	0.959596	0.661541	1167.68	0.000148903	35.3535	0.0540697	1151.4	1.304e-05	32.7071	0.00738813	33.7071	0.0161666
97	6.58787	0.156171	6.61818	0.315295	6.51741	5.14072e-05	5.90909	0.57396	5.90909	0.638258	0.969697	0.628104	1175.76	0.000136613	35.5152	0.0525193	1163.3	1.16238e-05	33.0303	0.0068292	34.0303	0.0150259
98	6.62524	0.147191	6.64545	0.295621	6.56447	4.08847e-05	5.93939	0.546234	5.93939	0.611331	0.979798	0.592953	1183.84	0.000124636	35.6768	0.0507595	1175.2	1.03303e-05	33.3535	0.00629424	34.3535	0.0139042
99	6.66262	0.137889	6.67273	0.275568	6.61152	3.23831e-05	5.9697	0.516559	5.9697	0.581799	0.989899	0.556392	1191.92	0.000113036	35.8384	0.0487964	1187.1	9.14962e-06	33.6768	0.00578248	34.6768	0.012806
100	6.69999	0.128348	6.7	0.255335	6.65858	2.55271e-05	6	0.485297	6	0.550032	1	0.518774	1200	0.000101876	36	0.0466419	1199	8.0732e-06	34	0.00529337	35	0.011736
