number	Log10_NWA	Log10_NWA.density	Log10_NEA	Log10_NEA.density	Log10_NAg	Log10_NAg.density	Log10_NJ	Log10_NJ.density	Log10_NM	Log10_NM.density	m	m.density	TEM	TEM.density	TA	TA.density	TMJ	TMJ.density	TAEW	TAEW.density	Tm	Tm.density
1	3	0.181251	4	0.166052	2	6.51391e-07	3	0.000164751	3	0.0177894	8.85298e-07	0.481953	400	0.00184866	20	0.0163139	21	0.000393787	2	0.0128809	3	0.00688251
2	3.03737	0.197667	4.02727	0.179522	2.0301	1.31981e-06	3.0303	0.000215644	3.0303	0.0217467	0.0101019	0.525937	408.081	0.00198498	20.1616	0.0179129	30.9431	0.000450424	2.32323	0.0141172	3.32323	0.00766554
3	3.07475	0.214268	4.05455	0.193155	2.06021	2.62525e-06	3.06061	0.000280276	3.06061	0.0263512	0.0202029	0.570509	416.162	0.00211819	20.3232	0.0195578	40.8863	0.000512143	2.64646	0.0153933	3.64646	0.00849515
4	3.11212	0.230896	4.08182	0.20689	2.09031	5.12742e-06	3.09091	0.000361815	3.09091	0.0316625	0.0303039	0.615316	424.242	0.00224685	20.4848	0.0212383	50.8294	0.000578984	2.9697	0.0167034	3.9697	0.00936982
5	3.14949	0.247391	4.10909	0.220673	2.12041	9.83504e-06	3.12121	0.00046404	3.12121	0.0377398	0.0404049	0.660008	432.323	0.00236958	20.6465	0.0229439	60.7725	0.000650933	3.29293	0.0180425	4.29293	0.0102878
6	3.18687	0.26359	4.13636	0.234454	2.15052	1.85298e-05	3.15152	0.000591434	3.15152	0.0446415	0.0505059	0.70425	440.404	0.00248513	20.8081	0.0246646	70.7157	0.00072792	3.61616	0.0194054	4.61616	0.0112471
7	3.22424	0.279332	4.16364	0.248189	2.18062	3.42965e-05	3.18182	0.000749291	3.18182	0.0524258	0.0606069	0.747724	448.485	0.00259237	20.9697	0.0263913	80.6588	0.00080981	3.93939	0.0207875	4.93939	0.0122457
8	3.26162	0.294463	4.19091	0.261838	2.21072	6.23685e-05	3.21212	0.000943833	3.21212	0.0611509	0.0707079	0.790142	456.566	0.00269034	21.1313	0.0281159	90.6019	0.000896401	4.26263	0.0221845	5.26263	0.0132813
9	3.29899	0.308837	4.21818	0.275365	2.24083	0.000111447	3.24242	0.00118234	3.24242	0.0708753	0.0808089	0.831242	464.646	0.00277823	21.2929	0.0298316	100.545	0.000987415	4.58586	0.0235928	5.58586	0.0143514
10	3.33636	0.32232	4.24545	0.288735	2.27093	0.000195701	3.27273	0.0014733	3.27273	0.0816582	0.0909099	0.870797	472.727	0.00285539	21.4545	0.0315334	110.488	0.00108249	4.90909	0.0250093	5.90909	0.0154537
11	3.37374	0.334794	4.27273	0.301912	2.30103	0.000337736	3.30303	0.00182652	3.30303	0.0935602	0.101011	0.90861	480.808	0.00292136	21.6162	0.0332182	120.431	0.00118119	5.23232	0.0264313	6.23232	0.0165855
12	3.41111	0.346156	4.3	0.314861	2.33114	0.00057285	3.33333	0.00225336	3.33333	0.106643	0.111112	0.944516	488.889	0.00297582	21.7778	0.0348846	130.374	0.00128298	5.55556	0.0278567	6.55556	0.0177439
13	3.44848	0.356323	4.32727	0.327541	2.36124	0.000954998	3.36364	0.00276679	3.36364	0.120969	0.121213	0.978381	496.97	0.0030186	21.9394	0.0365327	140.318	0.00138722	5.87879	0.0292837	6.87879	0.0189262
14	3.48586	0.365233	4.35455	0.33991	2.39134	0.00156485	3.39394	0.00338166	3.39394	0.1366	0.131314	1.01009	505.051	0.00304967	22.101	0.0381646	150.261	0.0014932	6.20202	0.030711	7.20202	0.020129
15	3.52323	0.372843	4.38182	0.35192	2.42145	0.00252035	3.42424	0.00411479	3.42424	0.153596	0.141415	1.03957	513.131	0.00306912	22.2626	0.0397832	160.204	0.0016001	6.52525	0.0321372	7.52525	0.021349
16	3.5606	0.379134	4.40909	0.363522	2.45155	0.00398994	3.45455	0.00498515	3.45455	0.172015	0.151516	1.06674	521.212	0.00307714	22.4242	0.0413923	170.147	0.00170705	6.84848	0.0335611	7.84848	0.0225825
17	3.59798	0.384108	4.43636	0.374661	2.48165	0.0062086	3.48485	0.00601399	3.48485	0.191905	0.161617	1.09156	529.293	0.00307402	22.5859	0.0429959	180.09	0.00181308	7.17172	0.0349815	8.17172	0.0238254
18	3.63535	0.38779	4.46364	0.385285	2.51176	0.00949603	3.51515	0.00722499	3.51515	0.213306	0.171718	1.11398	537.374	0.00306015	22.7475	0.0445976	190.033	0.00191718	7.49495	0.0363967	8.49495	0.0250736
19	3.67273	0.390224	4.49091	0.395337	2.54186	0.0142761	3.54545	0.00864435	3.54545	0.236243	0.181819	1.13399	545.455	0.00303597	22.9091	0.0462005	199.976	0.0020183	7.81818	0.0378049	8.81818	0.0263225
20	3.7101	0.391473	4.51818	0.404766	2.57196	0.0210961	3.57576	0.0103009	3.57576	0.260723	0.19192	1.15159	553.535	0.00300199	23.0707	0.047806	209.919	0.00211536	8.14141	0.0392034	9.14141	0.0275671
21	3.74747	0.39162	4.54545	0.413524	2.60207	0.0306421	3.60606	0.012226	3.60606	0.28673	0.202021	1.16677	561.616	0.00295879	23.2323	0.0494138	219.863	0.00220732	8.46465	0.0405891	9.46465	0.0288025
22	3.78485	0.39076	4.57273	0.42157	2.63217	0.043749	3.63636	0.0144539	3.63636	0.314221	0.212122	1.17955	569.697	0.00290701	23.3939	0.0510214	229.806	0.00229314	8.78788	0.041958	9.78788	0.0300236
23	3.82222	0.389002	4.6	0.42887	2.66227	0.0613986	3.66667	0.0170213	3.66667	0.343125	0.222223	1.18998	577.778	0.00284732	23.5556	0.0526241	239.749	0.00237185	9.11111	0.0433053	10.1111	0.0312254
24	3.85959	0.386463	4.62727	0.435399	2.69238	0.0847041	3.69697	0.0199675	3.69697	0.373333	0.232324	1.19811	585.859	0.00278044	23.7172	0.0542149	249.692	0.00244256	9.43434	0.0446255	10.4343	0.032403
25	3.89697	0.383268	4.65455	0.441144	2.72248	0.114874	3.72727	0.0233342	3.72727	0.404702	0.242425	1.20402	593.939	0.00270715	23.8788	0.0557844	259.635	0.00250447	9.75758	0.045912	10.7576	0.0335516
26	3.93434	0.379543	4.68182	0.4461	2.75258	0.153156	3.75758	0.0271654	3.75758	0.437052	0.252526	1.20781	602.02	0.00262825	24.0404	0.0573216	269.578	0.00255691	10.0808	0.0471576	11.0808	0.0346672
27	3.97171	0.375413	4.70909	0.450274	2.78269	0.200755	3.78788	0.0315071	3.78788	0.470162	0.262627	1.20961	610.101	0.00254457	24.202	0.0588139	279.521	0.00259931	10.404	0.0483546	11.404	0.0357459
28	4.00909	0.370999	4.73636	0.453681	2.81279	0.25873	3.81818	0.0364069	3.81818	0.503776	0.272728	1.20958	618.182	0.00245695	24.3636	0.0602481	289.465	0.00263128	10.7273	0.0494947	11.7273	0.0367849
29	4.04646	0.366413	4.76364	0.456346	2.84289	0.327877	3.84848	0.0419138	3.84848	0.537602	0.282829	1.2079	626.263	0.00236626	24.5253	0.0616108	299.408	0.00265252	11.0505	0.0505695	12.0505	0.0377818
30	4.08384	0.361759	4.79091	0.458298	2.873	0.408596	3.87879	0.0480774	3.87879	0.571317	0.29293	1.20475	634.343	0.00227334	24.6869	0.0628896	309.351	0.00266289	11.3737	0.0515705	12.3737	0.0387352
31	4.12121	0.357126	4.81818	0.459572	2.9031	0.500768	3.90909	0.0549479	3.90909	0.604574	0.303031	1.20038	642.424	0.00217904	24.8485	0.0640732	319.294	0.0026624	11.697	0.0524898	12.697	0.0396441
32	4.15858	0.35259	4.84545	0.460207	2.9332	0.603644	3.93939	0.0625748	3.93939	0.637008	0.313132	1.195	650.505	0.00208417	25.0101	0.0651525	329.237	0.00265116	12.0202	0.0533197	13.0202	0.0405086
33	4.19596	0.348211	4.87273	0.460241	2.96331	0.715769	3.9697	0.071007	3.9697	0.668241	0.323233	1.18886	658.586	0.00198952	25.1717	0.0661214	339.18	0.00262941	12.3434	0.0540537	13.3434	0.0413293
34	4.23333	0.344032	4.9	0.459714	2.99341	0.834948	4	0.0802913	4	0.6979	0.333334	1.18221	666.667	0.00189581	25.3333	0.0669767	349.123	0.00259748	12.6667	0.0546861	13.6667	0.0421071
35	4.2707	0.340081	4.92727	0.458663	3.02351	0.958273	4.0303	0.0904719	4.0303	0.725615	0.343435	1.1753	674.747	0.00180372	25.4949	0.0677188	359.066	0.00255582	12.9899	0.0552126	13.9899	0.0428435
36	4.30808	0.336372	4.95455	0.457126	3.05362	1.08222	4.06061	0.10159	4.06061	0.751038	0.353536	1.16836	682.828	0.00171385	25.6566	0.0683514	369.01	0.00250494	13.3131	0.0556303	14.3131	0.0435399
37	4.34545	0.332903	4.98182	0.455134	3.08372	1.20278	4.09091	0.11368	4.09091	0.77385	0.363637	1.16162	690.909	0.00162673	25.8182	0.068882	378.953	0.00244544	13.6364	0.0559377	14.6364	0.0441976
38	4.38282	0.329664	5.00909	0.452722	3.11382	1.3157	4.12121	0.126774	4.12121	0.793766	0.373738	1.15526	698.99	0.0015428	25.9798	0.069321	388.896	0.00237795	13.9596	0.0561348	14.9596	0.0448179
39	4.4202	0.326634	5.03636	0.449917	3.14393	1.41672	4.15152	0.140895	4.15152	0.810546	0.383839	1.14947	707.071	0.00146246	26.1414	0.0696816	398.839	0.0023032	14.2828	0.0562228	15.2828	0.0454013
40	4.45757	0.323787	5.06364	0.446749	3.17403	1.50183	4.18182	0.156057	4.18182	0.824	0.39394	1.1444	715.152	0.00138597	26.303	0.0699793	408.782	0.00222193	14.6061	0.0562042	15.6061	0.0459478
41	4.49495	0.321092	5.09091	0.443248	3.20413	1.56755	4.21212	0.172266	4.21212	0.833989	0.404041	1.14015	723.232	0.00131354	26.4646	0.0702308	418.725	0.00213493	14.9293	0.0560826	15.9293	0.0464567
42	4.53232	0.318519	5.11818	0.439443	3.23424	1.61118	4.24242	0.189518	4.24242	0.84043	0.414142	1.13682	731.313	0.00124531	26.6263	0.0704536	428.668	0.00204304	15.2525	0.0558621	16.2525	0.0469263
43	4.56969	0.316038	5.14545	0.435369	3.26434	1.63095	4.27273	0.207793	4.27273	0.843293	0.424243	1.13445	739.394	0.00118132	26.7879	0.0706655	438.612	0.00194709	15.5758	0.0555473	16.5758	0.0473543
44	4.60707	0.313623	5.17273	0.43106	3.29444	1.62617	4.30303	0.227062	4.30303	0.842599	0.434344	1.13306	747.475	0.00112155	26.9495	0.0708832	448.555	0.00184796	15.899	0.055143	16.899	0.0477373
45	4.64444	0.311252	5.2	0.42656	3.32455	1.59725	4.33333	0.247277	4.33333	0.838416	0.444445	1.13265	755.556	0.00106592	27.1111	0.0711223	458.498	0.00174652	16.2222	0.0546541	17.2222	0.0480714
46	4.68181	0.308911	5.22727	0.421915	3.35465	1.54565	4.36364	0.268378	4.36364	0.830855	0.454546	1.13317	763.636	0.00101429	27.2727	0.0713966	468.441	0.00164364	16.5455	0.0540848	17.5455	0.0483521
47	4.71919	0.306591	5.25455	0.417177	3.38475	1.47376	4.39394	0.290286	4.39394	0.820066	0.464647	1.13457	771.717	0.000966469	27.4343	0.0717172	478.384	0.00154019	16.8687	0.053439	17.8687	0.0485744
48	4.75656	0.30429	5.28182	0.412406	3.41486	1.38472	4.42424	0.312909	4.42424	0.806226	0.474748	1.13676	779.798	0.000922237	27.596	0.0720929	488.327	0.001437	17.1919	0.0527201	18.1919	0.0487334
49	4.79393	0.302011	5.30909	0.407665	3.44496	1.28219	4.45455	0.336135	4.45455	0.78954	0.484849	1.13963	787.879	0.000881333	27.7576	0.0725296	498.27	0.00133486	17.5152	0.0519305	18.5152	0.0488242
50	4.83131	0.299762	5.33636	0.403026	3.47506	1.17013	4.48485	0.359842	4.48485	0.770233	0.49495	1.14307	795.96	0.000843477	27.9192	0.0730301	508.213	0.00123453	17.8384	0.0510723	18.8384	0.0488425
51	4.86868	0.297557	5.36364	0.398559	3.50517	1.0525	4.51515	0.383892	4.51515	0.748545	0.505051	1.14694	804.04	0.000808372	28.0808	0.0735947	518.157	0.0011367	18.1616	0.050147	19.1616	0.0487844
52	4.90606	0.295408	5.39091	0.394343	3.53527	0.933132	4.54545	0.408135	4.54545	0.724728	0.515152	1.15109	812.121	0.000775717	28.2424	0.0742207	528.1	0.00104199	18.4848	0.0491555	19.4848	0.0486472
53	4.94343	0.293331	5.41818	0.390452	3.56537	0.815453	4.57576	0.432417	4.57576	0.699039	0.525253	1.15538	820.202	0.000745213	28.404	0.0749032	538.043	0.000950944	18.8081	0.0480989	19.8081	0.0484293
54	4.9808	0.291339	5.44545	0.386961	3.59548	0.70241	4.60606	0.456575	4.60606	0.671744	0.535354	1.15963	828.283	0.000716567	28.5657	0.0756351	547.986	0.000864015	19.1313	0.0469781	20.1313	0.0481303
55	5.01818	0.28944	5.47273	0.383942	3.62558	0.596364	4.63636	0.480447	4.63636	0.64311	0.545455	1.16369	836.364	0.0006895	28.7273	0.0764075	557.929	0.000781573	19.4545	0.0457946	20.4545	0.047751
56	5.05555	0.287642	5.5	0.381458	3.65568	0.49905	4.66667	0.503872	4.66667	0.613404	0.555556	1.1674	844.444	0.000663754	28.8889	0.0772104	567.872	0.000703897	19.7778	0.0445503	20.7778	0.0472939
57	5.09292	0.285943	5.52727	0.379567	3.68579	0.411589	4.69697	0.526696	4.69697	0.58289	0.565657	1.17059	852.525	0.000639095	29.0505	0.0780324	577.815	0.000631178	20.101	0.043248	21.101	0.0467626
58	5.1303	0.284336	5.55455	0.378313	3.71589	0.334535	4.72727	0.548775	4.72727	0.551832	0.575758	1.17313	860.606	0.000615314	29.2121	0.078862	587.758	0.000563523	20.4242	0.0418914	21.4242	0.0461619
59	5.16767	0.282809	5.58182	0.37773	3.74599	0.267941	4.75758	0.569973	4.75758	0.520482	0.585859	1.17486	868.687	0.000592233	29.3737	0.0796873	597.702	0.000500958	20.7475	0.0404853	21.7475	0.0454976
60	5.20504	0.281338	5.60909	0.377837	3.7761	0.211453	4.78788	0.590173	4.78788	0.489086	0.59596	1.17569	876.768	0.000569705	29.5354	0.0804963	607.645	0.000443442	21.0707	0.0390356	22.0707	0.0447763
61	5.24242	0.279896	5.63636	0.378635	3.8062	0.164407	4.81818	0.609271	4.81818	0.457877	0.606061	1.1755	884.848	0.000547613	29.697	0.0812778	617.588	0.000390868	21.3939	0.0375491	22.3939	0.044005
62	5.27979	0.278447	5.66364	0.38011	3.8363	0.125923	4.84848	0.62718	4.84848	0.427072	0.616162	1.17422	892.929	0.000525869	29.8586	0.0820211	627.531	0.000343079	21.7172	0.0360338	22.7172	0.0431911
63	5.31717	0.276948	5.69091	0.38223	3.86641	0.0949986	4.87879	0.643829	4.87879	0.396872	0.626263	1.17181	901.01	0.000504414	30.0202	0.0827162	637.474	0.000299872	22.0404	0.0344982	23.0404	0.0423417
64	5.35454	0.275354	5.71818	0.384945	3.89651	0.0705823	4.90909	0.659163	4.90909	0.367457	0.636364	1.16823	909.091	0.000483214	30.1818	0.0833543	647.417	0.000261014	22.3636	0.0329514	23.3636	0.0414639
65	5.39191	0.273614	5.74545	0.388186	3.92661	0.0516396	4.93939	0.673141	4.93939	0.338985	0.646465	1.16348	917.172	0.000462257	30.3434	0.0839273	657.36	0.000226247	22.6869	0.0314028	23.6869	0.0405639
66	5.42929	0.271675	5.77273	0.39187	3.95672	0.0371976	4.9697	0.685734	4.9697	0.31159	0.656566	1.1576	925.253	0.00044155	30.5051	0.0844281	667.304	0.000195295	23.0101	0.0298616	24.0101	0.0396477
67	5.46666	0.269484	5.8	0.395896	3.98682	0.026377	5	0.696922	5	0.285385	0.666667	1.1506	933.333	0.000421112	30.6667	0.0848507	677.247	0.000167878	23.3333	0.0283367	24.3333	0.0387201
68	5.50403	0.26699	5.82727	0.400149	4.01692	0.0184097	5.0303	0.706694	5.0303	0.260457	0.676768	1.14254	941.414	0.000400975	30.8283	0.0851895	687.19	0.000143709	23.6566	0.0268363	24.6566	0.0377853
69	5.54141	0.264145	5.85455	0.404504	4.04703	0.0126446	5.06061	0.715044	5.06061	0.23687	0.686869	1.13348	949.495	0.000381175	30.9899	0.0854396	697.133	0.000122508	23.9798	0.0253679	24.9798	0.0368465
70	5.57878	0.260905	5.88182	0.408823	4.07713	0.00854524	5.09091	0.72197	5.09091	0.214664	0.69697	1.12347	957.576	0.000361752	31.1515	0.0855966	707.076	0.000103999	24.303	0.0239377	25.303	0.0359063
71	5.61615	0.257234	5.90909	0.412962	4.10723	0.00568097	5.12121	0.72747	5.12121	0.193863	0.707071	1.11256	965.657	0.000342743	31.3131	0.0856559	717.019	8.79187e-05	24.6263	0.0225507	25.6263	0.0349665
72	5.65353	0.253104	5.93636	0.416774	4.13734	0.00371462	5.15152	0.731539	5.15152	0.174468	0.717172	1.10079	973.737	0.000324186	31.4747	0.0856133	726.962	7.40159e-05	24.9495	0.0212107	25.9495	0.0340283
73	5.6909	0.248496	5.96364	0.420107	4.16744	0.00238842	5.18182	0.734175	5.18182	0.156467	0.727273	1.08818	981.818	0.000306112	31.6364	0.0854642	736.905	6.20537e-05	25.2727	0.0199202	26.2727	0.0330924
74	5.72828	0.243402	5.99091	0.422815	4.19754	0.0015098	5.21212	0.735369	5.21212	0.139831	0.737374	1.07474	989.899	0.000288545	31.798	0.0852034	746.849	5.18109e-05	25.596	0.0186805	26.596	0.0321592
75	5.76565	0.237825	6.01818	0.424751	4.22765	0.000938072	5.24242	0.73511	5.24242	0.124522	0.747475	1.06045	997.98	0.000271506	31.9596	0.0848256	756.792	4.30828e-05	25.9192	0.0174916	26.9192	0.0312289
76	5.80302	0.231777	6.04545	0.425781	4.25775	0.00057275	5.27273	0.733382	5.27273	0.110491	0.757576	1.04526	1006.06	0.000255008	32.1212	0.084325	766.735	3.5681e-05	26.2424	0.016353	27.2424	0.0303014
77	5.8404	0.225283	6.07273	0.425777	4.28785	0.000343557	5.30303	0.730164	5.30303	0.0976822	0.767677	1.02914	1014.14	0.000239058	32.2828	0.0836951	776.678	2.94339e-05	26.5657	0.0152631	27.5657	0.0293766
78	5.87777	0.218375	6.1	0.424628	4.31796	0.00020241	5.33333	0.725434	5.33333	0.0860354	0.777778	1.01199	1022.22	0.00022366	32.4444	0.0829294	786.621	2.4186e-05	26.8889	0.0142201	27.8889	0.0284545
79	5.91514	0.211095	6.12727	0.422238	4.34806	0.0001171	5.36364	0.719166	5.36364	0.0754861	0.787879	0.99374	1030.3	0.000208814	32.6061	0.0820209	796.564	1.97977e-05	27.2121	0.0132218	28.2121	0.0275349
80	5.95252	0.203491	6.15455	0.418528	4.37816	6.65064e-05	5.39394	0.711331	5.39394	0.0659678	0.79798	0.974297	1038.38	0.000194517	32.7677	0.0809631	806.507	1.61445e-05	27.5354	0.0122661	28.5354	0.0266176
81	5.98989	0.195615	6.18182	0.413442	4.40827	3.70721e-05	5.42424	0.701903	5.42424	0.0574134	0.808081	0.95357	1046.46	0.000180767	32.9293	0.0797496	816.451	1.31163e-05	27.8586	0.0113508	28.8586	0.0257024
82	6.02726	0.187523	6.20909	0.406946	4.43837	2.02768e-05	5.45455	0.690856	5.45455	0.0497558	0.818182	0.931478	1054.55	0.000167561	33.0909	0.0783747	826.394	1.06166e-05	28.1818	0.0104743	29.1818	0.0247891
83	6.06464	0.179273	6.23636	0.399027	4.46847	1.08798e-05	5.48485	0.67817	5.48485	0.042929	0.828283	0.90795	1062.63	0.000154894	33.2525	0.0768339	836.337	8.56132e-06	28.5051	0.00963523	29.5051	0.0238775
84	6.10201	0.170918	6.26364	0.389699	4.49858	5.72539e-06	5.51515	0.663831	5.51515	0.0368684	0.838384	0.882936	1070.71	0.000142767	33.4141	0.075124	846.28	6.87798e-06	28.8283	0.00883271	29.8283	0.0229672
85	6.13939	0.162513	6.29091	0.379	4.52868	2.95433e-06	5.54545	0.647838	5.54545	0.0315116	0.848485	0.856408	1078.79	0.000131179	33.5758	0.0732437	856.223	5.50433e-06	29.1515	0.0080663	30.1515	0.0220577
86	6.17676	0.154107	6.31818	0.366992	4.55878	1.49448e-06	5.57576	0.630202	5.57576	0.0267985	0.858586	0.828366	1086.87	0.000120129	33.7374	0.0711936	866.166	4.38744e-06	29.4747	0.00733599	30.4747	0.0211486
87	6.21413	0.145744	6.34545	0.353759	4.58889	7.4098e-07	5.60606	0.61095	5.60606	0.0226715	0.868687	0.798843	1094.95	0.000109622	33.899	0.068977	876.109	3.48256e-06	29.798	0.00664213	30.798	0.0202396
88	6.25151	0.137464	6.37273	0.33941	4.61899	3.60021e-07	5.63636	0.590132	5.63636	0.0190758	0.878788	0.767901	1103.03	9.96583e-05	34.0606	0.0665993	886.052	2.7521e-06	30.1212	0.0059853	31.1212	0.0193301
89	6.28888	0.1293	6.4	0.324069	4.64909	1.71386e-07	5.66667	0.567817	5.66667	0.0159596	0.888889	0.735636	1111.11	9.02412e-05	34.2222	0.0640689	895.996	2.16463e-06	30.4444	0.00536621	31.4444	0.01842
90	6.32625	0.121281	6.42727	0.307881	4.6792	7.99233e-08	5.69697	0.544102	5.69697	0.0132737	0.89899	0.702177	1119.19	8.13725e-05	34.3838	0.0613971	905.939	1.69401e-06	30.7677	0.00478561	31.7677	0.0175094
91	6.36363	0.113429	6.45455	0.291002	4.7093	3.65052e-08	5.72727	0.519105	5.72727	0.0109723	0.909091	0.667681	1127.27	7.3053e-05	34.5455	0.0585976	915.882	1.31858e-06	31.0909	0.00424412	32.0909	0.0165985
92	6.401	0.105766	6.48182	0.2736	4.7394	1.63288e-08	5.75758	0.492976	5.75758	0.00901216	0.919192	0.632332	1135.35	6.52819e-05	34.7071	0.0556869	925.825	1.02044e-06	31.4141	0.00374217	32.4141	0.0156881
93	6.43837	0.0983066	6.50909	0.255849	4.76951	7.1518e-09	5.78788	0.465886	5.78788	0.00735337	0.929293	0.596338	1143.43	5.80562e-05	34.8687	0.0526839	935.768	7.84849e-07	31.7374	0.00327989	32.7374	0.0147794
94	6.47575	0.0910656	6.53636	0.237924	4.79961	3.06677e-09	5.81818	0.438032	5.81818	0.00595889	0.939394	0.559923	1151.52	5.13703e-05	35.0303	0.0496095	945.711	5.99685e-07	32.0606	0.00285707	33.0606	0.0138741
95	6.51312	0.0840555	6.56364	0.220001	4.82971	1.28736e-09	5.84848	0.40963	5.84848	0.00479471	0.949495	0.523329	1159.6	4.52159e-05	35.1919	0.0464864	955.654	4.55012e-07	32.3838	0.00247313	33.3838	0.0129744
96	6.5505	0.0772881	6.59091	0.202249	4.85982	5.28969e-10	5.87879	0.380914	5.87879	0.00382979	0.959596	0.486801	1167.68	3.95816e-05	35.3535	0.0433385	965.597	3.42696e-07	32.7071	0.00212707	33.7071	0.012083
97	6.58787	0.0707751	6.61818	0.18483	4.88992	2.12728e-10	5.90909	0.352129	5.90909	0.00303601	0.969697	0.45059	1175.76	3.44529e-05	35.5152	0.0401903	975.541	2.56103e-07	33.0303	0.00181752	34.0303	0.0112032
98	6.62524	0.0645281	6.64545	0.16789	4.92002	8.37238e-11	5.93939	0.323524	5.93939	0.00238806	0.979798	0.414943	1183.84	2.98125e-05	35.6768	0.0370667	985.484	1.89836e-07	33.3535	0.00154279	34.3535	0.0103385
99	6.66262	0.058559	6.67273	0.151563	4.95013	3.22451e-11	5.9697	0.295349	5.9697	0.00186338	0.989899	0.380099	1191.92	2.56401e-05	35.8384	0.0339921	995.427	1.39523e-07	33.6768	0.00130086	34.6768	0.00949295
100	6.69999	0.0528796	6.7	0.135966	4.98023	1.21518e-11	6	0.267847	6	0.00144204	1	0.346281	1200	2.19131e-05	36	0.03099	1005.37	1.01643e-07	34	0.00108951	35	0.0086705
