number	Log10_NWA	Log10_NWA.density	Log10_NEA	Log10_NEA.density	Log10_NAg	Log10_NAg.density	Log10_NJ	Log10_NJ.density	Log10_NM	Log10_NM.density	m	m.density	TEM	TEM.density	TA	TA.density	TMJ	TMJ.density	TAEW	TAEW.density	Tm	Tm.density
1	3	0.156574	4	0.1517	2	0.0028843	3	0.000228206	3	0.00149357	8.85298e-07	0.576174	400	0.00190092	20	0.0186914	21	0.000629499	2	0.0182512	3	0.00362331
2	3.03737	0.170207	4.02727	0.165759	2.04516	0.00437824	3.0303	0.000311409	3.0303	0.0018772	0.0101019	0.625955	408.081	0.00204585	20.1616	0.0205709	31.8173	0.000710166	2.32323	0.0198843	3.32323	0.00412241
3	3.07475	0.183887	4.05455	0.180092	2.09031	0.0065418	3.06061	0.000420906	3.06061	0.0023387	0.0202029	0.676052	416.162	0.00218719	20.3232	0.0225071	42.6345	0.000795395	2.64646	0.0215364	3.64646	0.00466427
4	3.11212	0.197484	4.08182	0.194596	2.13547	0.00962195	3.09091	0.000563556	3.09091	0.00288895	0.0303039	0.726031	424.242	0.00232311	20.4848	0.0244866	53.4518	0.000884592	2.9697	0.0231942	3.9697	0.00524898
5	3.14949	0.210867	4.10909	0.209167	2.18062	0.0139324	3.12121	0.000747547	3.12121	0.00353947	0.0404049	0.775463	432.323	0.00245182	20.6465	0.0264959	64.2691	0.000977065	3.29293	0.0248448	4.29293	0.00587627
6	3.18687	0.223913	4.13636	0.223703	2.22578	0.0198614	3.15152	0.000982529	3.15152	0.00430243	0.0505059	0.823928	440.404	0.00257167	20.8081	0.0285211	75.0864	0.00107204	3.61616	0.0264755	4.61616	0.00654546
7	3.22424	0.236503	4.16364	0.238108	2.27093	0.0278769	3.18182	0.00127972	3.18182	0.00519066	0.0606069	0.871025	448.485	0.00268116	20.9697	0.0305484	85.9036	0.00116868	3.93939	0.0280751	4.93939	0.00725556
8	3.26162	0.24853	4.19091	0.252289	2.31609	0.0385256	3.21212	0.00165202	3.21212	0.00621767	0.0707079	0.91638	456.566	0.00277898	21.1313	0.0325649	96.7209	0.00126611	4.26263	0.0296332	5.26263	0.00800527
9	3.29899	0.259899	4.21818	0.266162	2.36124	0.0524262	3.24242	0.00211401	3.24242	0.00739784	0.0808089	0.959651	464.646	0.00286406	21.2929	0.0345581	107.538	0.00136344	4.58586	0.0311411	5.58586	0.00879305
10	3.33636	0.270529	4.24545	0.279649	2.4064	0.0702525	3.27273	0.00268203	3.27273	0.00874652	0.0909099	1.00053	472.727	0.00293556	21.4545	0.0365169	118.355	0.00145979	4.90909	0.0325918	5.90909	0.00961718
11	3.37374	0.280355	4.27273	0.292683	2.45155	0.0927062	3.30303	0.00337412	3.30303	0.0102803	0.101011	1.03876	480.808	0.00299293	21.6162	0.0384315	129.173	0.0015543	5.23232	0.03398	6.23232	0.0104759
12	3.41111	0.289325	4.3	0.305204	2.49671	0.120478	3.33333	0.00420998	3.33333	0.0120173	0.111112	1.07412	488.889	0.00303584	21.7778	0.0402935	139.99	0.00164617	5.55556	0.035302	6.55556	0.0113672
13	3.44848	0.297405	4.32727	0.317162	2.54186	0.154198	3.36364	0.00521079	3.36364	0.0139773	0.121213	1.10643	496.97	0.00306428	21.9394	0.042096	150.807	0.00173465	5.87879	0.036556	6.87879	0.0122895
14	3.48586	0.304579	4.35455	0.328514	2.58702	0.194374	3.39394	0.00639916	3.39394	0.0161825	0.131314	1.13558	505.051	0.00307845	22.101	0.0438336	161.625	0.00181908	6.20202	0.0377417	7.20202	0.0132409
15	3.52323	0.310841	4.38182	0.339225	2.63217	0.241326	3.42424	0.00779885	3.42424	0.0186573	0.141415	1.16149	513.131	0.00307879	22.2626	0.0455027	172.442	0.00189884	6.52525	0.0388602	7.52525	0.0142201
16	3.5606	0.316205	4.40909	0.34927	2.67733	0.295117	3.45455	0.00943466	3.45455	0.0214287	0.151516	1.18413	521.212	0.00306595	22.4242	0.0471009	183.259	0.00197344	6.84848	0.0399136	7.84848	0.0152255
17	3.59798	0.320693	4.43636	0.358629	2.72248	0.35549	3.48485	0.0113322	3.48485	0.0245268	0.161617	1.20353	529.293	0.00304076	22.5859	0.0486272	194.076	0.00204243	7.17172	0.0409051	8.17172	0.0162563
18	3.63535	0.32434	4.46364	0.367287	2.76764	0.421815	3.51515	0.0135175	3.51515	0.0279842	0.171718	1.21977	537.374	0.00300419	22.7475	0.0500815	204.894	0.00210543	7.49495	0.0418383	8.49495	0.0173116
19	3.67273	0.327191	4.49091	0.375239	2.81279	0.493062	3.54545	0.0160174	3.54545	0.0318365	0.181819	1.23296	545.455	0.00295732	22.9091	0.051465	215.711	0.00216212	7.81818	0.0427171	8.81818	0.0183907
20	3.7101	0.329299	4.51818	0.382482	2.85795	0.567787	3.57576	0.0188585	3.57576	0.0361218	0.19192	1.24327	553.535	0.00290133	23.0707	0.0527794	226.528	0.00221224	8.14141	0.0435457	9.14141	0.0194934
21	3.74747	0.330722	4.54545	0.389024	2.9031	0.644169	3.60606	0.0220681	3.60606	0.0408803	0.202021	1.25089	561.616	0.0028374	23.2323	0.0540268	237.345	0.00225554	8.46465	0.0443279	9.46465	0.0206193
22	3.78485	0.331523	4.57273	0.394875	2.94826	0.720064	3.63636	0.0256734	3.63636	0.0461535	0.212122	1.25605	569.697	0.00276676	23.3939	0.0552098	248.163	0.0022918	8.78788	0.0450671	9.78788	0.0217684
23	3.82222	0.331767	4.6	0.400053	2.99341	0.793098	3.66667	0.0297016	3.66667	0.0519841	0.222223	1.259	577.778	0.00269062	23.5556	0.056331	258.98	0.00232083	9.11111	0.0457661	10.1111	0.0229407
24	3.85959	0.331522	4.62727	0.404582	3.03857	0.860796	3.69697	0.0341804	3.69697	0.0584142	0.232324	1.26002	585.859	0.00261015	23.7172	0.0573929	269.797	0.00234245	9.43434	0.046427	10.4343	0.0241357
25	3.89697	0.330852	4.65455	0.408492	3.08372	0.920713	3.72727	0.0391373	3.72727	0.0654853	0.242425	1.25938	593.939	0.00252645	23.8788	0.058398	280.615	0.00235647	9.75758	0.0470512	10.7576	0.0253533
26	3.93434	0.329825	4.68182	0.411819	3.12888	0.970594	3.75758	0.0446005	3.75758	0.0732365	0.252526	1.25735	602.02	0.00244055	24.0404	0.0593483	291.432	0.00236274	10.0808	0.0476392	11.0808	0.0265926
27	3.97171	0.328502	4.70909	0.414604	3.17403	1.00851	3.78788	0.0505981	3.78788	0.0817037	0.262627	1.2542	610.101	0.00235342	24.202	0.0602454	302.249	0.00236115	10.404	0.0481909	11.404	0.0278527
28	4.00909	0.326944	4.73636	0.416894	3.21919	1.03299	3.81818	0.0571587	3.81818	0.0909185	0.272728	1.25018	618.182	0.00226589	24.3636	0.0610908	313.066	0.0023516	10.7273	0.0487051	11.7273	0.0291319
29	4.04646	0.325207	4.76364	0.418736	3.26434	1.04312	3.84848	0.0643109	3.84848	0.100907	0.282829	1.24552	626.263	0.00217872	24.5253	0.0618853	323.884	0.00233406	11.0505	0.0491804	12.0505	0.0304281
30	4.08384	0.323343	4.79091	0.420184	3.3095	1.03859	3.87879	0.0720832	3.87879	0.111688	0.29293	1.2404	634.343	0.00209257	24.6869	0.0626295	334.701	0.00230855	11.3737	0.0496145	12.3737	0.0317386
31	4.12121	0.321401	4.81818	0.42129	3.35465	1.01972	3.90909	0.0805039	3.90909	0.123274	0.303031	1.235	642.424	0.00200797	24.8485	0.0633239	345.518	0.00227519	11.697	0.0500049	12.697	0.0330598
32	4.15858	0.319423	4.84545	0.422106	3.39981	0.98741	3.93939	0.0896002	3.93939	0.135669	0.313132	1.22944	650.505	0.0019254	25.0101	0.0639687	356.335	0.00223417	12.0202	0.0503487	13.0202	0.0343876
33	4.19596	0.317449	4.87273	0.422683	3.44496	0.943106	3.9697	0.0993976	3.9697	0.148867	0.323233	1.22382	658.586	0.0018452	25.1717	0.064564	367.153	0.00218577	12.3434	0.0506432	13.3434	0.0357172
34	4.23333	0.315513	4.9	0.423067	3.49012	0.888651	4	0.10992	4	0.162855	0.333334	1.2182	666.667	0.00176765	25.3333	0.0651102	377.97	0.0021304	12.6667	0.0508854	13.6667	0.037043
35	4.2707	0.313645	4.92727	0.423302	3.53527	0.826184	4.0303	0.121186	4.0303	0.177608	0.343435	1.21262	674.747	0.00169295	25.4949	0.0656076	388.787	0.00206854	12.9899	0.0510727	13.9899	0.0383588
36	4.30808	0.311871	4.95455	0.423424	3.58043	0.757994	4.06061	0.133214	4.06061	0.193096	0.353536	1.20709	682.828	0.00162124	25.6566	0.066057	399.605	0.00200077	13.3131	0.0512027	14.3131	0.0396579
37	4.34545	0.310212	4.98182	0.423464	3.62558	0.686389	4.09091	0.146013	4.09091	0.209278	0.363637	1.20161	690.909	0.00155257	25.8182	0.0664598	410.422	0.00192774	13.6364	0.0512733	14.6364	0.0409331
38	4.38282	0.308685	5.00909	0.423447	3.67074	0.61357	4.12121	0.159589	4.12121	0.226106	0.373738	1.19617	698.99	0.00148696	25.9798	0.0668176	421.239	0.00185018	13.9596	0.0512832	14.9596	0.0421768
39	4.4202	0.307303	5.03636	0.423389	3.71589	0.541532	4.15152	0.17394	4.15152	0.243528	0.383839	1.19073	707.071	0.00142439	26.1414	0.0671328	432.056	0.00176886	14.2828	0.0512312	15.2828	0.0433813
40	4.45757	0.306076	5.06364	0.423305	3.76105	0.471982	4.18182	0.189056	4.18182	0.261487	0.39394	1.18529	715.152	0.00136477	26.303	0.0674084	442.874	0.00168459	14.6061	0.0511169	15.6061	0.0445386
41	4.49495	0.30501	5.09091	0.423199	3.8062	0.4063	4.21212	0.204918	4.21212	0.27992	0.404041	1.17984	723.232	0.00130802	26.4646	0.0676481	453.691	0.00159818	14.9293	0.0509406	15.9293	0.0456409
42	4.53232	0.304108	5.11818	0.423075	3.85136	0.345514	4.24242	0.221501	4.24242	0.298766	0.414142	1.17436	731.313	0.00125401	26.6263	0.0678562	464.508	0.00151045	15.2525	0.0507029	16.2525	0.0466806
43	4.56969	0.30337	5.14545	0.422932	3.89651	0.290307	4.27273	0.238768	4.27273	0.317964	0.424243	1.16887	739.394	0.00120263	26.7879	0.0680377	475.325	0.00142219	15.5758	0.0504048	16.5758	0.0476504
44	4.60707	0.302793	5.17273	0.422769	3.94167	0.241045	4.30303	0.256675	4.30303	0.33745	0.434344	1.16339	747.475	0.00115371	26.9495	0.0681984	486.143	0.00133414	15.899	0.050048	16.899	0.0485434
45	4.64444	0.302372	5.2	0.422582	3.98682	0.197814	4.33333	0.275169	4.33333	0.357164	0.444445	1.15796	755.556	0.00110713	27.1111	0.0683443	496.96	0.00124701	16.2222	0.0496341	17.2222	0.0493536
46	4.68181	0.3021	5.22727	0.422369	4.03198	0.160473	4.36364	0.294187	4.36364	0.377047	0.454546	1.15262	763.636	0.00106273	27.2727	0.068482	507.777	0.00116143	16.5455	0.0491652	17.5455	0.0500753
47	4.71919	0.301968	5.25455	0.422131	4.07713	0.128704	4.39394	0.313663	4.39394	0.39704	0.464647	1.14742	771.717	0.00102039	27.4343	0.0686186	518.595	0.00107797	16.8687	0.0486432	17.8687	0.050704
48	4.75656	0.301965	5.28182	0.42187	4.12229	0.102066	4.42424	0.333519	4.42424	0.417085	0.474748	1.14244	779.798	0.000979962	27.596	0.0687613	529.412	0.000997136	17.1919	0.04807	18.1919	0.0512359
49	4.79393	0.302079	5.30909	0.42159	4.16744	0.0800412	4.45455	0.353677	4.45455	0.437123	0.484849	1.13773	787.879	0.000941333	27.7576	0.0689174	540.229	0.000919341	17.5152	0.0474473	18.5152	0.0516684
50	4.83131	0.302294	5.33636	0.421301	4.2126	0.0620751	4.48485	0.37405	4.48485	0.45709	0.49495	1.13336	795.96	0.000904388	27.9192	0.0690941	551.046	0.000844934	17.8384	0.0467765	18.8384	0.0519996
51	4.86868	0.302595	5.36364	0.421012	4.25775	0.0476117	4.51515	0.394551	4.51515	0.476919	0.505051	1.12936	804.04	0.000869024	28.0808	0.0692986	561.864	0.000774186	18.1616	0.0460586	19.1616	0.0522291
52	4.90606	0.302961	5.39091	0.420738	4.30291	0.0361166	4.54545	0.41509	4.54545	0.496537	0.515152	1.12579	812.121	0.000835145	28.2424	0.0695374	572.681	0.000707297	18.4848	0.0452941	19.4848	0.0523572
53	4.94343	0.303373	5.41818	0.420494	4.34806	0.027095	4.57576	0.435574	4.57576	0.515863	0.525253	1.12265	820.202	0.000802662	28.404	0.0698169	583.498	0.000644399	18.8081	0.0444833	19.8081	0.0523856
54	4.9808	0.303807	5.44545	0.420294	4.39322	0.0201017	4.60606	0.45591	4.60606	0.534807	0.535354	1.11995	828.283	0.000771493	28.5657	0.0701424	594.315	0.00058556	19.1313	0.0436261	20.1313	0.0523167
55	5.01818	0.304238	5.47273	0.420156	4.43837	0.0147469	4.63636	0.476007	4.63636	0.553272	0.545455	1.11767	836.364	0.000741559	28.7273	0.0705185	605.133	0.00053079	19.4545	0.042722	20.4545	0.052154
56	5.05555	0.304638	5.5	0.420093	4.48353	0.0106963	4.66667	0.495773	4.66667	0.57115	0.555556	1.11574	844.444	0.000712784	28.8889	0.0709488	615.95	0.000480048	19.7778	0.0417707	20.7778	0.0519021
57	5.09292	0.304977	5.52727	0.420116	4.52868	0.00766952	4.69697	0.515117	4.69697	0.588328	0.565657	1.1141	852.525	0.000685094	29.0505	0.0714354	626.767	0.000433248	20.101	0.0407717	21.101	0.051566
58	5.1303	0.305226	5.55455	0.420234	4.57384	0.00543526	4.72727	0.533951	4.72727	0.604687	0.575758	1.11266	860.606	0.000658415	29.2121	0.0719793	637.585	0.000390263	20.4242	0.0397247	21.4242	0.0511516
59	5.16767	0.305352	5.58182	0.42045	4.61899	0.00380627	4.75758	0.552187	4.75758	0.620106	0.585859	1.11128	868.687	0.000632675	29.3737	0.0725798	648.402	0.000350937	20.7475	0.0386299	21.7475	0.0506652
60	5.20504	0.305323	5.60909	0.420762	4.66415	0.00263334	4.78788	0.569741	4.78788	0.634463	0.59596	1.10985	876.768	0.000607802	29.5354	0.0732346	659.219	0.000315088	21.0707	0.037488	22.0707	0.0501135
61	5.24242	0.305109	5.63636	0.421163	4.7093	0.00179944	4.81818	0.586532	4.81818	0.647641	0.606061	1.10822	884.848	0.000583725	29.697	0.0739398	670.036	0.000282513	21.3939	0.0363005	22.3939	0.0495034
62	5.27979	0.30468	5.66364	0.421639	4.75446	0.00121418	4.84848	0.602481	4.84848	0.659531	0.616162	1.10623	892.929	0.000560376	29.8586	0.0746895	680.854	0.000253001	21.7172	0.0350693	22.7172	0.0488418
63	5.31717	0.304009	5.69091	0.42217	4.79961	0.000808787	4.87879	0.617516	4.87879	0.670034	0.626263	1.10374	901.01	0.000537689	30.0202	0.075476	691.671	0.000226333	22.0404	0.0337976	23.0404	0.0481352
64	5.35454	0.303072	5.71818	0.42273	4.84477	0.000531721	4.90909	0.631568	4.90909	0.679065	0.636364	1.10059	909.091	0.000515607	30.1818	0.0762901	702.488	0.000202289	22.3636	0.0324891	23.3636	0.0473899
65	5.39191	0.30185	5.74545	0.42329	4.88992	0.000344927	4.93939	0.644576	4.93939	0.686558	0.646465	1.09664	917.172	0.000494073	30.3434	0.0771206	713.305	0.000180651	22.6869	0.0311485	23.6869	0.0466118
66	5.42929	0.300325	5.77273	0.423814	4.93508	0.000220732	4.9697	0.656486	4.9697	0.692461	0.656566	1.09177	925.253	0.000473044	30.5051	0.0779551	724.123	0.000161211	23.0101	0.0297813	24.0101	0.0458058
67	5.46666	0.298488	5.8	0.424263	4.98023	0.000139318	5	0.66725	5	0.696744	0.666667	1.08588	933.333	0.00045248	30.6667	0.0787795	734.94	0.000143769	23.3333	0.0283935	24.3333	0.0449764
68	5.50403	0.296331	5.82727	0.424596	5.02539	8.67094e-05	5.0303	0.676832	5.0303	0.699393	0.676768	1.07886	941.414	0.000432353	30.8283	0.0795788	745.757	0.000128137	23.6566	0.0269917	24.6566	0.044127
69	5.54141	0.293854	5.85455	0.424769	5.07054	5.32066e-05	5.06061	0.685202	5.06061	0.700411	0.686869	1.07065	949.495	0.000412643	30.9899	0.0803371	756.575	0.000114139	23.9798	0.0255829	24.9798	0.0432601
70	5.57878	0.291057	5.88182	0.424738	5.1157	3.21839e-05	5.09091	0.692338	5.09091	0.699815	0.69697	1.0612	957.576	0.000393339	31.1515	0.081038	767.392	0.000101615	24.303	0.0241741	25.303	0.0423775
71	5.61615	0.287946	5.90909	0.42446	5.16085	1.91877e-05	5.12121	0.698225	5.12121	0.697632	0.707071	1.05046	965.657	0.000374438	31.3131	0.081665	778.209	9.04158e-05	24.6263	0.0227726	25.6263	0.0414798
72	5.65353	0.28453	5.93636	0.423892	5.20601	1.12738e-05	5.15152	0.702855	5.15152	0.693896	0.717172	1.03841	973.737	0.000355946	31.4747	0.0822018	789.026	8.04074e-05	24.9495	0.0213853	25.9495	0.0405671
73	5.6909	0.280817	5.96364	0.422991	5.25116	6.52734e-06	5.18182	0.706219	5.18182	0.688643	0.727273	1.02506	981.818	0.000337874	31.6364	0.0826325	799.844	7.14671e-05	25.2727	0.0200192	26.2727	0.0396385
74	5.72828	0.276819	5.99091	0.421719	5.29632	3.72377e-06	5.21212	0.708312	5.21212	0.68191	0.737374	1.01038	989.899	0.000320237	31.798	0.0829424	810.661	6.34837e-05	25.596	0.0186806	26.596	0.0386929
75	5.76565	0.272547	6.01818	0.420036	5.34147	2.09305e-06	5.24242	0.709123	5.24242	0.673728	0.747475	0.9944	997.98	0.000303053	31.9596	0.0831176	821.478	5.6357e-05	25.9192	0.0173756	26.9192	0.0377285
76	5.80302	0.268009	6.04545	0.417908	5.38663	1.15905e-06	5.27273	0.708635	5.27273	0.664121	0.757576	0.977117	1006.06	0.000286344	32.1212	0.0831462	832.295	4.99963e-05	26.2424	0.0161094	27.2424	0.0367431
77	5.8404	0.263216	6.07273	0.415299	5.43178	6.32301e-07	5.30303	0.706825	5.30303	0.653108	0.767677	0.958543	1014.14	0.000270129	32.2828	0.0830175	843.113	4.43197e-05	26.5657	0.014887	27.5657	0.0357349
78	5.87777	0.258173	6.1	0.412175	5.47694	3.39805e-07	5.33333	0.703656	5.33333	0.640699	0.777778	0.938692	1022.22	0.000254427	32.4444	0.082723	853.93	3.92534e-05	26.8889	0.0137125	27.8889	0.0347017
79	5.91514	0.252886	6.12727	0.408503	5.52209	1.79886e-07	5.36364	0.699081	5.36364	0.6269	0.787879	0.917577	1030.3	0.000239256	32.6061	0.0822558	864.747	3.4731e-05	27.2121	0.0125895	28.2121	0.0336417
80	5.95252	0.247359	6.15455	0.404251	5.56725	9.3802e-08	5.39394	0.693042	5.39394	0.61171	0.79798	0.895214	1038.38	0.000224628	32.7677	0.0816111	875.565	3.0693e-05	27.5354	0.0115208	28.5354	0.0325535
81	5.98989	0.241592	6.18182	0.399384	5.6124	4.81782e-08	5.42424	0.685469	5.42424	0.595134	0.808081	0.871622	1046.46	0.000210552	32.9293	0.0807858	886.382	2.70861e-05	27.8586	0.0105085	28.8586	0.0314364
82	6.02726	0.235586	6.20909	0.39387	5.65756	2.4372e-08	5.45455	0.676287	5.45455	0.57718	0.818182	0.846828	1054.55	0.000197035	33.0909	0.0797786	897.199	2.38628e-05	28.1818	0.00955427	29.1818	0.03029
83	6.06464	0.22934	6.23636	0.387677	5.70271	1.21425e-08	5.48485	0.665419	5.48485	0.557866	0.828283	0.820862	1062.63	0.000184077	33.2525	0.0785897	908.016	2.09814e-05	28.5051	0.00865888	29.5051	0.0291149
84	6.10201	0.222851	6.26364	0.380772	5.74787	5.95759e-09	5.51515	0.652792	5.51515	0.537229	0.838384	0.793769	1070.71	0.000171675	33.4141	0.0772207	918.834	1.84047e-05	28.8283	0.00782262	29.8283	0.0279122
85	6.13939	0.21612	6.29091	0.373125	5.79302	2.87838e-09	5.54545	0.638342	5.54545	0.515324	0.848485	0.765604	1078.79	0.000159825	33.5758	0.0756744	929.651	1.61005e-05	29.1515	0.00704517	30.1515	0.0266842
86	6.17676	0.209145	6.31818	0.364712	5.83818	1.3693e-09	5.57576	0.622026	5.57576	0.492233	0.858586	0.736435	1086.87	0.000148515	33.7374	0.0739548	940.468	1.40406e-05	29.4747	0.00632566	30.4747	0.0254336
87	6.21413	0.201928	6.34545	0.35551	5.88333	6.41331e-10	5.60606	0.603822	5.60606	0.468063	0.868687	0.706348	1094.95	0.000137736	33.899	0.0720666	951.285	1.22005e-05	29.798	0.00566274	30.798	0.0241641
88	6.25151	0.194474	6.37273	0.345506	5.92849	2.95698e-10	5.63636	0.583743	5.63636	0.442951	0.878788	0.675441	1103.03	0.000127474	34.0606	0.0700159	962.103	1.05587e-05	30.1212	0.00505459	31.1212	0.0228801
89	6.28888	0.186789	6.4	0.334697	5.97364	1.34197e-10	5.66667	0.561837	5.66667	0.417062	0.888889	0.64383	1111.11	0.000117714	34.2222	0.0678095	972.92	9.09684e-06	30.4444	0.00449905	31.4444	0.0215867
90	6.32625	0.178883	6.42727	0.323091	6.0188	5.99392e-11	5.69697	0.538196	5.69697	0.390586	0.89899	0.611643	1119.19	0.000108443	34.3838	0.0654554	983.737	7.79847e-06	30.7677	0.00399361	31.7677	0.0202896
91	6.36363	0.170774	6.45455	0.310711	6.06395	2.63445e-11	5.72727	0.512951	5.72727	0.363735	0.909091	0.579024	1127.27	9.9647e-05	34.5455	0.0629628	994.555	6.64917e-06	31.0909	0.00353552	32.0909	0.0189947
92	6.401	0.16248	6.48182	0.297593	6.10911	1.13924e-11	5.75758	0.48628	5.75758	0.336737	0.919192	0.546124	1135.35	9.13115e-05	34.7071	0.0603422	1005.37	5.63598e-06	31.4141	0.00312187	32.4141	0.0177087
93	6.43837	0.154027	6.50909	0.283793	6.15426	4.84643e-12	5.78788	0.458399	5.78788	0.309831	0.929293	0.513106	1143.43	8.34241e-05	34.8687	0.0576057	1016.19	4.74708e-06	31.7374	0.0027496	32.7374	0.0164381
94	6.47575	0.145446	6.53636	0.269383	6.19942	2.02786e-12	5.81818	0.429563	5.81818	0.283259	0.939394	0.48014	1151.52	7.59733e-05	35.0303	0.0547671	1027.01	3.97152e-06	32.0606	0.00241565	33.0606	0.0151897
95	6.51312	0.136773	6.56364	0.254451	6.24457	8.34441e-13	5.84848	0.400054	5.84848	0.257258	0.949495	0.447397	1159.6	6.8949e-05	35.1919	0.051842	1037.82	3.29906e-06	32.3838	0.00211694	33.3838	0.0139699
96	6.5505	0.12805	6.59091	0.239102	6.28973	3.37615e-13	5.87879	0.370175	5.87879	0.232054	0.959596	0.415051	1167.68	6.23418e-05	35.3535	0.0488479	1048.64	2.71998e-06	32.7071	0.00185048	33.7071	0.0127853
97	6.58787	0.119322	6.61818	0.223454	6.33488	1.34291e-13	5.90909	0.340243	5.90909	0.207852	0.969697	0.383275	1175.76	5.61436e-05	35.5152	0.0458039	1059.46	2.22502e-06	33.0303	0.00161336	34.0303	0.0116418
98	6.62524	0.110638	6.64545	0.207637	6.38004	5.25045e-14	5.93939	0.310573	5.93939	0.184837	0.979798	0.352235	1183.84	5.03468e-05	35.6768	0.0427309	1070.28	1.80532e-06	33.3535	0.00140285	34.3535	0.010545
99	6.66262	0.102052	6.67273	0.191788	6.42519	2.01746e-14	5.9697	0.281476	5.9697	0.16316	0.989899	0.322092	1191.92	4.49442e-05	35.8384	0.0396508	1081.09	1.45243e-06	33.6768	0.00121637	34.6768	0.0094997
100	6.69999	0.0936161	6.7	0.176049	6.47035	7.61725e-15	6	0.25324	6	0.142941	1	0.292998	1200	3.99287e-05	36	0.0365866	1091.91	1.15836e-06	34	0.00105152	35	0.00851012
