number	Log10_NWA	Log10_NWA.density	Log10_NEA	Log10_NEA.density	Log10_NAg	Log10_NAg.density	Log10_NJ	Log10_NJ.density	Log10_NM	Log10_NM.density	m	m.density	TEM	TEM.density	TA	TA.density	TMJ	TMJ.density	TAEW	TAEW.density	Tm	Tm.density
1	3	0.17365	4	0.134666	2.14922	6.09554e-07	3	4.65585e-05	3	6.6551e-06	8.85298e-07	0.508939	400	0.00183295	20	0.0125232	21	0.000629	2	0.0133348	3	0.0065268
2	3.03737	0.188772	4.02727	0.148781	2.17113	1.17769e-06	3.0303	6.30769e-05	3.0303	1.0967e-05	0.0101019	0.554345	408.081	0.00197341	20.1616	0.0138646	29.6375	0.000710466	2.32323	0.0146036	3.32323	0.00729099
3	3.07475	0.203922	4.05455	0.163442	2.19303	2.23871e-06	3.06061	8.47949e-05	3.06061	1.78272e-05	0.0202029	0.600211	416.162	0.00211127	20.3232	0.0152837	38.2749	0.00079706	2.64646	0.0159066	3.64646	0.00810225
4	3.11212	0.218954	4.08182	0.17856	2.21494	4.18754e-06	3.09091	0.000113131	3.09091	2.86008e-05	0.0303039	0.646163	424.242	0.00224502	20.4848	0.0167804	46.9124	0.000888356	2.9697	0.0172372	3.9697	0.00895888
5	3.14949	0.233728	4.10909	0.194042	2.23685	7.7084e-06	3.12121	0.000149829	3.12121	4.53112e-05	0.0404049	0.691838	432.323	0.00237321	20.6465	0.0183543	55.5499	0.000983849	3.29293	0.018589	4.29293	0.00985885
6	3.18687	0.248111	4.13636	0.20979	2.25875	1.39656e-05	3.15152	0.000197019	3.15152	7.09242e-05	0.0505059	0.73689	440.404	0.00249451	20.8081	0.0200052	64.1873	0.00108297	3.61616	0.0199557	4.61616	0.0108
7	3.22424	0.261981	4.16364	0.225701	2.28066	2.4905e-05	3.18182	0.000257286	3.18182	0.00010974	0.0606069	0.781004	448.485	0.00260769	20.9697	0.0217327	72.8248	0.0011851	3.93939	0.0213321	4.93939	0.0117799
8	3.26162	0.275231	4.19091	0.241675	2.30257	4.37208e-05	3.21212	0.00033375	3.21212	0.000167926	0.0707079	0.8239	456.566	0.00271171	21.1313	0.0235362	81.4623	0.00128957	4.26263	0.0227131	5.26263	0.0127961
9	3.29899	0.287768	4.21818	0.257612	2.32447	7.55626e-05	3.24242	0.000430159	3.24242	0.000254231	0.0808089	0.865341	464.646	0.00280567	21.2929	0.0254148	90.0997	0.00139573	4.58586	0.0240946	5.58586	0.0138461
10	3.33636	0.299517	4.24545	0.273416	2.34638	0.000128583	3.27273	0.000550997	3.27273	0.000380933	0.0909099	0.905132	472.727	0.00288887	21.4545	0.0273671	98.7372	0.00150287	4.90909	0.0254732	5.90909	0.0149275
11	3.37374	0.310421	4.27273	0.288996	2.36828	0.000215452	3.30303	0.000701601	3.30303	0.000565056	0.101011	0.943124	480.808	0.00296078	21.6162	0.0293912	107.375	0.00161035	5.23232	0.0268458	6.23232	0.0160377
12	3.41111	0.320439	4.3	0.304269	2.39019	0.00035551	3.33333	0.000888301	3.33333	0.000829919	0.111112	0.979213	488.889	0.00302103	21.7778	0.0314843	116.012	0.00171748	5.55556	0.0282102	6.55556	0.0171744
13	3.44848	0.329545	4.32727	0.319158	2.4121	0.000577723	3.36364	0.00111858	3.36364	0.00120705	0.121213	1.01333	496.97	0.00306943	21.9394	0.0336429	124.65	0.00182366	5.87879	0.0295643	6.87879	0.018335
14	3.48586	0.337728	4.35455	0.333597	2.434	0.000924684	3.39394	0.00140123	3.39394	0.00173848	0.131314	1.04545	505.051	0.00310594	22.101	0.0358623	133.287	0.00192827	6.20202	0.0309064	7.20202	0.019517
15	3.52323	0.34499	4.38182	0.347526	2.45591	0.00145783	3.42424	0.0017466	3.42424	0.00247941	0.141415	1.07558	513.131	0.00313065	22.2626	0.0381366	141.925	0.00203074	6.52525	0.0322348	7.52525	0.0207177
16	3.5606	0.351341	4.40909	0.360897	2.47782	0.00226413	3.45455	0.00216674	3.45455	0.00350124	0.151516	1.10373	521.212	0.00314377	22.4242	0.0404591	150.562	0.0021305	6.84848	0.0335481	7.84848	0.0219343
17	3.59798	0.3568	4.43636	0.373668	2.49972	0.00346426	3.48485	0.00267566	3.48485	0.00489473	0.161617	1.12993	529.293	0.00314563	22.5859	0.0428214	159.199	0.00222703	7.17172	0.0348444	8.17172	0.0231636
18	3.63535	0.361395	4.46364	0.385806	2.52163	0.00522248	3.51515	0.0032896	3.51515	0.00677331	0.171718	1.15424	537.374	0.00313664	22.7475	0.0452142	167.837	0.00231978	7.49495	0.0361219	8.49495	0.0244022
19	3.67273	0.365155	4.49091	0.397286	2.54354	0.00775781	3.54545	0.00402721	3.54545	0.00927614	0.181819	1.1767	545.455	0.00311727	22.9091	0.0476269	176.474	0.00240824	7.81818	0.0373782	8.81818	0.0256461
20	3.7101	0.368118	4.51818	0.408086	2.56544	0.0113564	3.57576	0.00490982	3.57576	0.0125708	0.19192	1.19736	553.535	0.00308807	23.0707	0.0500478	185.112	0.00249186	8.14141	0.038611	9.14141	0.0268912
21	3.74747	0.370322	4.54545	0.418193	2.58735	0.0163844	3.60606	0.00596165	3.60606	0.0168548	0.202021	1.21623	561.616	0.00304964	23.2323	0.0524644	193.749	0.00257011	8.46465	0.0398174	9.46465	0.0281327
22	3.78485	0.37181	4.57273	0.427593	2.60926	0.0232997	3.63636	0.00720996	3.63636	0.022357	0.212122	1.23336	569.697	0.00300261	23.3939	0.0548632	202.387	0.00264243	8.78788	0.0409943	9.78788	0.0293655
23	3.82222	0.372629	4.6	0.436278	2.63116	0.0326628	3.66667	0.00868522	3.66667	0.029336	0.222223	1.24875	577.778	0.00294764	23.5556	0.05723	211.024	0.00270825	9.11111	0.0421384	10.1111	0.0305841
24	3.85959	0.372828	4.62727	0.444237	2.65307	0.0451431	3.69697	0.0104211	3.69697	0.0380783	0.232324	1.26242	585.859	0.00288544	23.7172	0.0595505	219.662	0.00276698	9.43434	0.0432462	10.4343	0.031783
25	3.89697	0.372461	4.65455	0.451464	2.67498	0.06152	3.72727	0.0124546	3.72727	0.0488938	0.242425	1.27437	593.939	0.00281671	23.8788	0.0618102	228.299	0.00281805	9.75758	0.0443142	10.7576	0.0329563
26	3.93434	0.371587	4.68182	0.457948	2.69688	0.0826771	3.75758	0.0148255	3.75758	0.0621097	0.252526	1.28459	602.02	0.00274219	24.0404	0.0639946	236.937	0.00286088	10.0808	0.0453389	11.0808	0.0340987
27	3.97171	0.370267	4.70909	0.46368	2.71879	0.109586	3.78788	0.0175768	3.78788	0.0780624	0.262627	1.29309	610.101	0.00266261	24.202	0.0660901	245.574	0.00289492	10.404	0.0463169	11.404	0.0352047
28	4.00909	0.368567	4.73636	0.468649	2.74069	0.143279	3.81818	0.0207536	3.81818	0.0970875	0.272728	1.29989	618.182	0.0025787	24.3636	0.0680835	254.212	0.00291964	10.7273	0.0472452	11.7273	0.0362696
29	4.04646	0.366556	4.76364	0.472845	2.7626	0.184811	3.84848	0.0244031	3.84848	0.119509	0.282829	1.305	626.263	0.00249122	24.5253	0.0699633	262.849	0.00293459	11.0505	0.0481209	12.0505	0.0372895
30	4.08384	0.364304	4.79091	0.476256	2.78451	0.235204	3.87879	0.0285738	3.87879	0.145626	0.29293	1.30848	634.343	0.0024009	24.6869	0.0717194	271.486	0.00293938	11.3737	0.0489416	12.3737	0.0382612
31	4.12121	0.361882	4.81818	0.478876	2.80641	0.295389	3.90909	0.0333146	3.90909	0.175702	0.303031	1.31037	642.424	0.00230845	24.8485	0.0733434	280.124	0.00293371	11.697	0.0497051	12.697	0.0391825
32	4.15858	0.35936	4.84545	0.480699	2.82832	0.366125	3.93939	0.0386742	3.93939	0.209946	0.313132	1.31078	650.505	0.00221459	25.0101	0.0748294	288.761	0.00291738	12.0202	0.0504098	13.0202	0.0400525
33	4.19596	0.356805	4.87273	0.481727	2.85023	0.447922	3.9697	0.0447001	3.9697	0.248501	0.323233	1.3098	658.586	0.00212	25.1717	0.0761735	297.399	0.00289031	12.3434	0.0510545	13.3434	0.0408713
34	4.23333	0.35428	4.9	0.481967	2.87213	0.540957	4	0.0514374	4	0.291432	0.333334	1.30756	666.667	0.00202533	25.3333	0.0773744	306.036	0.00285257	12.6667	0.0516382	13.6667	0.0416402
35	4.2707	0.351839	4.92727	0.481436	2.89404	0.644997	4.0303	0.0589284	4.0303	0.338704	0.343435	1.3042	674.747	0.0019312	25.4949	0.0784334	314.674	0.00280436	12.9899	0.0521603	13.9899	0.0423615
36	4.30808	0.349528	4.95455	0.480161	2.91595	0.759325	4.06061	0.0672111	4.06061	0.390175	0.353536	1.2999	682.828	0.00183818	25.6566	0.0793539	323.311	0.00274602	13.3131	0.0526205	14.3131	0.043038
37	4.34545	0.347385	4.98182	0.478179	2.93785	0.882696	4.09091	0.0763188	4.09091	0.445577	0.363637	1.29481	690.909	0.00174681	25.8182	0.0801416	331.949	0.00267803	13.6364	0.0530185	14.6364	0.0436736
38	4.38282	0.345434	5.00909	0.475543	2.95976	1.01331	4.12121	0.0862793	4.12121	0.504509	0.373738	1.28911	698.99	0.00165756	25.9798	0.0808042	340.586	0.00260101	13.9596	0.0533539	14.9596	0.0442721
39	4.4202	0.343689	5.03636	0.472313	2.98167	1.14879	4.15152	0.0971141	4.15152	0.566425	0.383839	1.28299	707.071	0.00157084	26.1414	0.0813507	349.224	0.00251571	14.2828	0.0536264	15.2828	0.0448374
40	4.45757	0.342153	5.06364	0.468564	3.00357	1.28629	4.18182	0.108839	4.18182	0.630632	0.39394	1.27659	715.152	0.00148701	26.303	0.0817913	357.861	0.00242301	14.6061	0.0538356	15.6061	0.0453732
41	4.49495	0.340814	5.09091	0.464379	3.02548	1.42248	4.21212	0.121461	4.21212	0.696294	0.404041	1.27009	723.232	0.00140636	26.4646	0.0821369	366.499	0.00232385	14.9293	0.0539805	15.9293	0.0458824
42	4.53232	0.339654	5.11818	0.459853	3.04739	1.55374	4.24242	0.134985	4.24242	0.762435	0.414142	1.26361	731.313	0.00132912	26.6263	0.0823986	375.136	0.00221928	15.2525	0.0540602	16.2525	0.0463671
43	4.56969	0.338644	5.14545	0.455082	3.06929	1.67626	4.27273	0.149404	4.27273	0.827963	0.424243	1.25728	739.394	0.00125545	26.7879	0.0825871	383.774	0.00211038	15.5758	0.0540731	16.5758	0.0468281
44	4.60707	0.337747	5.17273	0.450169	3.0912	1.78623	4.30303	0.164709	4.30303	0.89169	0.434344	1.25119	747.475	0.00118543	26.9495	0.0827126	392.411	0.00199828	15.899	0.0540176	16.899	0.0472652
45	4.64444	0.336921	5.2	0.445216	3.1131	1.88002	4.33333	0.180884	4.33333	0.952371	0.444445	1.24541	755.556	0.00111912	27.1111	0.0827842	401.048	0.00188411	16.2222	0.0538917	17.2222	0.0476766
46	4.68181	0.336122	5.22727	0.440324	3.13501	1.9544	4.36364	0.197908	4.36364	1.00874	0.454546	1.23999	763.636	0.00105648	27.2727	0.0828101	409.686	0.00176896	16.5455	0.0536931	17.5455	0.0480591
47	4.71919	0.335304	5.25455	0.435584	3.15692	2.0067	4.39394	0.215755	4.39394	1.05955	0.464647	1.23494	771.717	0.000997438	27.4343	0.0827971	418.323	0.00165389	16.8687	0.0534196	17.8687	0.0484083
48	4.75656	0.334422	5.28182	0.431084	3.17882	2.03494	4.42424	0.234396	4.42424	1.10365	0.474748	1.23026	779.798	0.000941893	27.596	0.0827507	426.961	0.0015399	17.1919	0.0530685	18.1919	0.0487185
49	4.79393	0.333433	5.30909	0.426896	3.20073	2.03804	4.45455	0.253795	4.45455	1.14	0.484849	1.22592	787.879	0.00088969	27.7576	0.0826754	435.598	0.0014279	17.5152	0.0526376	18.5152	0.0489833
50	4.83131	0.3323	5.33636	0.423084	3.22264	2.0158	4.48485	0.273917	4.48485	1.16771	0.49495	1.22186	795.96	0.000840656	27.9192	0.0825747	444.236	0.0013187	17.8384	0.0521248	18.8384	0.0491954
51	4.86868	0.33099	5.36364	0.419696	3.24454	1.96896	4.51515	0.294718	4.51515	1.18614	0.505051	1.21803	804.04	0.000794596	28.0808	0.0824512	452.873	0.00121303	18.1616	0.0515279	19.1616	0.0493475
52	4.90606	0.329474	5.39091	0.416766	3.26645	1.89918	4.54545	0.316154	4.54545	1.19483	0.515152	1.21434	812.121	0.000751305	28.2424	0.0823071	461.511	0.00111146	18.4848	0.0508455	19.4848	0.0494321
53	4.94343	0.327733	5.41818	0.414313	3.28836	1.8089	4.57576	0.338174	4.57576	1.19362	0.525253	1.21068	820.202	0.000710573	28.404	0.0821446	470.148	0.00101449	18.8081	0.0500764	19.8081	0.0494422
54	4.9808	0.325748	5.44545	0.412344	3.31026	1.70123	4.60606	0.360723	4.60606	1.18257	0.535354	1.20696	828.283	0.000672193	28.5657	0.0819655	478.786	0.000922474	19.1313	0.0492201	20.1313	0.0493717
55	5.01818	0.323511	5.47273	0.410853	3.33217	1.57978	4.63636	0.383741	4.63636	1.162	0.545455	1.20305	836.364	0.000635963	28.7273	0.0817722	487.423	0.000835677	19.4545	0.0482766	20.4545	0.0492154
56	5.05555	0.321014	5.5	0.409822	3.35408	1.44844	4.66667	0.407159	4.66667	1.13248	0.555556	1.19885	844.444	0.000601693	28.8889	0.0815672	496.061	0.000754256	19.7778	0.0472468	20.7778	0.0489695
57	5.09292	0.318253	5.52727	0.409225	3.37598	1.31116	4.69697	0.430903	4.69697	1.09475	0.565657	1.19424	852.525	0.000569204	29.0505	0.0813533	504.698	0.000678279	20.101	0.0461321	21.101	0.0486317
58	5.1303	0.315227	5.55455	0.409026	3.39789	1.17179	4.72727	0.454891	4.72727	1.04974	0.575758	1.1891	860.606	0.000538332	29.2121	0.081134	513.335	0.000607735	20.4242	0.0449349	21.4242	0.0482015
59	5.16767	0.311934	5.58182	0.409183	3.41979	1.03389	4.75758	0.479031	4.75758	0.998505	0.585859	1.18334	868.687	0.00050893	29.3737	0.0809127	521.973	0.000542546	20.7475	0.0436585	21.7475	0.0476799
60	5.20504	0.308376	5.60909	0.409651	3.4417	0.900571	4.78788	0.503224	4.78788	0.942198	0.59596	1.17684	876.768	0.000480863	29.5354	0.0806929	530.61	0.00048258	21.0707	0.042307	22.0707	0.0470698
61	5.24242	0.304551	5.63636	0.410378	3.46361	0.774415	4.81818	0.527361	4.81818	0.88201	0.606061	1.16955	884.848	0.000454015	29.697	0.0804779	539.248	0.000427657	21.3939	0.0408856	22.3939	0.0463754
62	5.27979	0.300457	5.66364	0.41131	3.48551	0.65741	4.84848	0.551325	4.84848	0.819141	0.616162	1.16137	892.929	0.000428281	29.8586	0.0802707	547.885	0.000377567	21.7172	0.0394005	22.7172	0.0456026
63	5.31717	0.296093	5.69091	0.41239	3.50742	0.55094	4.87879	0.574991	4.87879	0.754762	0.626263	1.15225	901.01	0.000403572	30.0202	0.0800732	556.523	0.000332075	22.0404	0.0378584	23.0404	0.0447583
64	5.35454	0.291456	5.71818	0.413559	3.52933	0.455804	4.90909	0.598226	4.90909	0.689984	0.636364	1.14216	909.091	0.000379811	30.1818	0.0798864	565.16	0.000290929	22.3636	0.0362675	23.3636	0.0438503
65	5.39191	0.286544	5.74545	0.414753	3.55123	0.372271	4.93939	0.620893	4.93939	0.625827	0.646465	1.13106	917.172	0.000356932	30.3434	0.0797098	573.798	0.000253867	22.6869	0.0346363	23.6869	0.0428871
66	5.42929	0.281357	5.77273	0.415906	3.57314	0.300161	4.9697	0.642848	4.9697	0.563199	0.656566	1.11893	925.253	0.000334883	30.5051	0.0795415	582.435	0.000220621	23.0101	0.0329741	24.0101	0.0418773
67	5.46666	0.275895	5.8	0.416951	3.59505	0.238929	5	0.663945	5	0.502882	0.666667	1.10579	933.333	0.000313622	30.6667	0.0793778	591.073	0.000190925	23.3333	0.0312909	24.3333	0.0408298
68	5.50403	0.27016	5.82727	0.417814	3.61695	0.187764	5.0303	0.684038	5.0303	0.445524	0.676768	1.09163	941.414	0.000293116	30.8283	0.0792131	599.71	0.000164515	23.6566	0.0295967	24.6566	0.0397529
69	5.54141	0.26416	5.85455	0.41842	3.63886	0.145679	5.06061	0.70298	5.06061	0.391629	0.686869	1.07646	949.495	0.000273345	30.9899	0.07904	608.348	0.00014113	23.9798	0.0279019	24.9798	0.0386548
70	5.57878	0.257904	5.88182	0.418691	3.66077	0.111593	5.09091	0.720627	5.09091	0.341566	0.69697	1.06031	957.576	0.000254296	31.1515	0.0788492	616.985	0.000120519	24.303	0.0262167	25.303	0.0375426
71	5.61615	0.251407	5.90909	0.418546	3.68267	0.0844013	5.12121	0.736839	5.12121	0.295571	0.707071	1.04319	965.657	0.000235965	31.3131	0.0786298	625.623	0.000102438	24.6263	0.0245511	25.6263	0.0364229
72	5.65353	0.244686	5.93636	0.417905	3.70458	0.0630303	5.15152	0.751481	5.15152	0.253759	0.717172	1.02513	973.737	0.000218357	31.4747	0.0783694	634.26	8.66528e-05	24.9495	0.0229146	25.9495	0.035301
73	5.6909	0.237764	5.96364	0.416688	3.72649	0.0464791	5.18182	0.764429	5.18182	0.216138	0.727273	1.00614	981.818	0.000201481	31.6364	0.0780544	642.897	7.29408e-05	25.2727	0.0213158	26.2727	0.0341816
74	5.72828	0.230664	5.99091	0.414816	3.74839	0.0338451	5.21212	0.775562	5.21212	0.182625	0.737374	0.98623	989.899	0.000185351	31.798	0.0776704	651.535	6.10904e-05	25.596	0.0197629	26.596	0.0330681
75	5.76565	0.223414	6.01818	0.412218	3.7703	0.0243381	5.24242	0.784772	5.24242	0.153062	0.747475	0.965409	997.98	0.000169986	31.9596	0.0772022	660.172	5.09024e-05	25.9192	0.0182628	26.9192	0.0319632
76	5.80302	0.216042	6.04545	0.408826	3.7922	0.0172844	5.27273	0.791963	5.27273	0.127232	0.757576	0.943679	1006.06	0.000155403	32.1212	0.0766348	668.81	4.21905e-05	26.2424	0.0168213	27.2424	0.0308685
77	5.8404	0.208578	6.07273	0.404584	3.81411	0.0121233	5.30303	0.797046	5.30303	0.104877	0.767677	0.921036	1014.14	0.00014162	32.2828	0.0759533	677.447	3.47815e-05	26.5657	0.0154435	27.5657	0.0297849
78	5.87777	0.20105	6.1	0.399446	3.83602	0.00839883	5.33333	0.799948	5.33333	0.0857112	0.777778	0.897473	1022.22	0.000128653	32.4444	0.0751435	686.085	2.85156e-05	26.8889	0.0141331	27.8889	0.0287128
79	5.91514	0.193483	6.12727	0.393378	3.85792	0.00574735	5.36364	0.800607	5.36364	0.0694347	0.787879	0.872984	1030.3	0.000116513	32.6061	0.0741924	694.722	2.32466e-05	27.2121	0.0128927	28.2121	0.0276517
80	5.95252	0.185903	6.15455	0.386363	3.87983	0.00388504	5.39394	0.798972	5.39394	0.0557427	0.79798	0.847559	1038.38	0.000105204	32.7677	0.0730885	703.36	1.88416e-05	27.5354	0.011724	28.5354	0.026601
81	5.98989	0.178331	6.18182	0.378395	3.90174	0.00259433	5.42424	0.79501	5.42424	0.0443356	0.808081	0.821196	1046.46	9.47276e-05	32.9293	0.0718224	711.997	1.51806e-05	27.8586	0.0106278	28.8586	0.0255596
82	6.02726	0.170785	6.20909	0.369486	3.92364	0.00171151	5.45455	0.788697	5.45455	0.0349254	0.818182	0.793898	1054.55	8.50737e-05	33.0909	0.0703868	720.635	1.21564e-05	28.1818	0.00960384	29.1818	0.0245262
83	6.06464	0.163279	6.23636	0.359663	3.94555	0.00111552	5.48485	0.780028	5.48485	0.0272405	0.828283	0.765678	1062.63	7.62269e-05	33.2525	0.0687771	729.272	9.6735e-06	28.5051	0.00865138	29.5051	0.0234994
84	6.10201	0.155826	6.26364	0.348967	3.96746	0.000718352	5.51515	0.769011	5.51515	0.0210294	0.838384	0.736561	1070.71	6.81637e-05	33.4141	0.0669916	737.91	7.64802e-06	28.8283	0.00776888	29.8283	0.022478
85	6.13939	0.148433	6.29091	0.337453	3.98936	0.000457053	5.54545	0.755673	5.54545	0.016063	0.848485	0.706587	1078.79	6.08534e-05	33.5758	0.0650319	746.547	6.00638e-06	29.1515	0.00695432	30.1515	0.0214606
86	6.17676	0.141109	6.31818	0.325187	4.01127	0.000287324	5.57576	0.740057	5.57576	0.0121355	0.858586	0.675814	1086.87	5.42588e-05	33.7374	0.0629023	755.184	4.68474e-06	29.4747	0.00620527	30.4747	0.0204465
87	6.21413	0.133856	6.34545	0.312247	4.03318	0.000178465	5.60606	0.722225	5.60606	0.0090649	0.868687	0.644319	1094.95	4.83373e-05	33.899	0.0606109	763.822	3.62804e-06	29.798	0.00551897	30.798	0.0194349
88	6.25151	0.126681	6.37273	0.298718	4.05508	0.000109521	5.63636	0.702262	5.63636	0.00669248	0.878788	0.612198	1103.03	4.3042e-05	34.0606	0.0581687	772.459	2.78917e-06	30.1212	0.00489241	31.1212	0.0184258
89	6.28888	0.119588	6.4	0.284692	4.07699	6.64035e-05	5.66667	0.68027	5.66667	0.00488172	0.888889	0.579566	1111.11	3.83231e-05	34.2222	0.0555897	781.097	2.12811e-06	30.4444	0.00432245	31.4444	0.0174193
90	6.32625	0.112582	6.42727	0.270266	4.0989	3.97744e-05	5.69697	0.656378	5.69697	0.00351694	0.89899	0.546558	1119.19	3.41291e-05	34.3838	0.0528909	789.734	1.61111e-06	30.7677	0.00380581	31.7677	0.0164164
91	6.36363	0.10567	6.45455	0.255542	4.1208	2.35342e-05	5.72727	0.630734	5.72727	0.00250156	0.909091	0.513328	1127.27	3.04084e-05	34.5455	0.0500918	798.372	1.20996e-06	31.0909	0.00333919	32.0909	0.0154185
92	6.401	0.0988621	6.48182	0.240619	4.14271	1.3754e-05	5.75758	0.603509	5.75758	0.00175615	0.919192	0.480041	1135.35	2.71102e-05	34.7071	0.0472139	807.009	9.01213e-07	31.4141	0.00291927	32.4141	0.0144278
93	6.43837	0.0921698	6.50909	0.225601	4.16461	7.93852e-06	5.78788	0.574897	5.78788	0.00121639	0.929293	0.44688	1143.43	2.41857e-05	34.8687	0.0442804	815.647	6.65569e-07	31.7374	0.00254278	32.7374	0.0134469
94	6.47575	0.0856074	6.53636	0.210588	4.18652	4.52439e-06	5.81818	0.545111	5.81818	0.000831008	0.939394	0.414033	1151.52	2.15894e-05	35.0303	0.0413158	824.284	4.8727e-07	32.0606	0.00220649	33.0606	0.0124789
95	6.51312	0.0791917	6.56364	0.195678	4.20843	2.54575e-06	5.84848	0.514386	5.84848	0.000559784	0.949495	0.381692	1159.6	1.92792e-05	35.1919	0.038345	832.922	3.53558e-07	32.3838	0.00190726	33.3838	0.0115276
96	6.5505	0.0729417	6.59091	0.180967	4.23033	1.4139e-06	5.87879	0.482966	5.87879	0.000371696	0.959596	0.350051	1167.68	1.72173e-05	35.3535	0.0353928	841.559	2.54199e-07	32.7071	0.00164205	33.7071	0.0105971
97	6.58787	0.0668778	6.61818	0.166544	4.25224	7.74965e-07	5.90909	0.451113	5.90909	0.000243209	0.969697	0.319299	1175.76	1.53704e-05	35.5152	0.0324837	850.197	1.81059e-07	33.0303	0.00140796	34.0303	0.00969153
98	6.62524	0.0610216	6.64545	0.152496	4.27415	4.19085e-07	5.93939	0.419093	5.93939	0.000156775	0.979798	0.289615	1183.84	1.37094e-05	35.6768	0.0296408	858.834	1.27736e-07	33.3535	0.00120218	34.3535	0.00881536
99	6.66262	0.0553946	6.67273	0.1389	4.29605	2.23551e-07	5.9697	0.387174	5.9697	9.95309e-05	0.989899	0.261164	1191.92	1.22101e-05	35.8384	0.0268858	867.472	8.92426e-08	33.6768	0.00102205	34.6768	0.00797288
100	6.69999	0.050018	6.7	0.12583	4.31796	1.17597e-07	6	0.355622	6	6.22179e-05	1	0.234093	1200	1.0852e-05	36	0.024238	876.109	6.17337e-08	34	0.000865079	35	0.00716817
